AMGN
   -0.40
   -0.68
    0.77
   -0.94
    0.08
    0.30
   -0.28
   -0.56
    1.30
    0.71
   -0.50
    0.41
   -1.61
   -0.36
   -0.72
   -4.02
   -1.17
    0.85
    1.03
   -0.44
   -4.47
    0.38
    2.27
    4.57
   -0.21
   -0.92
   -0.83
    0.68
   -0.86
   -1.74
    0.20
   -0.80
    0.57
   -0.37
    0.29
   -2.20
   -3.44
    1.98
   -5.15
   -1.85
    6.24
   -3.67
    5.23
   -1.39
   -0.69
   -5.83
    4.25
   -3.94
   -8.26
   10.90
   -6.64
   10.13
   -1.41
   -2.99
   -5.29
   -1.23
    8.83
   -4.55
    2.77
   -0.11
    5.15
   -2.76
   -2.43
    5.60
   -1.66
    3.00
   -1.32
    4.99
   -0.45
    0.03
    3.91
   -2.20
    4.10
    1.76
    0.69
   -2.47
   -0.63
    1.40
    1.63
    2.60
   -1.96
   -0.83
    1.50
   -3.44
   -0.03
    2.36
    0.10
   -1.38
    0.64
    3.37
   -2.28
   -0.16
    0.49
    0.93
   -2.92
   -2.47
    0.19
   -1.36
    0.73
   -1.78
    1.08
   -0.30
    2.49
   -1.21
   -1.41
   -1.22
   -0.05
    2.17
    0.04
   -0.38
    0.99
   -3.62
   -0.46
    0.86
    3.23
   -0.40
    1.93
    3.64
   -1.89
    0.67
   -1.37
    1.12
   -0.97
   -0.55
    1.86
    8.17
    1.22
   -0.77
   -1.21
   -0.62
    0.03
   -1.04
    0.40
    1.22
    0.09
    0.75
    1.28
    0.96
   -1.16
   -0.36
   -1.84
   -1.69
    2.29
    0.64
   -2.51
   -1.09
   -0.60
    1.10
   -1.52
   -0.87
    0.03
   -0.36
   -1.05
   -1.48
    3.01
   -0.52
   -0.31
    1.38
   -0.62
   -0.42
   -0.73
   -0.46
   -0.87
    5.37
    0.79
    1.05
    0.12
    0.08
   -0.97
    2.89
   -3.96
    0.20
   -2.91
    1.82
   -2.01
    1.07
    1.46
    0.65
   -0.24
    0.13
   -0.15
   -1.83
    1.77
   -1.98
   -0.94
    1.46
    1.32
    0.51
    2.36
    0.48
   -3.91
    4.32
   -1.30
    1.97
   -6.82
   -1.41
    1.19
   -0.07
   -0.71
   -1.11
    0.30
   -2.13
    0.17
   -0.92
   -0.43
   -0.36
   -1.00
   -0.64
   -3.17
    0.67
   -0.40
    1.51
   -0.07
    4.67
    0.71
   -0.13
    1.44
    2.81
   -0.38
   -1.47
    0.09
   -0.29
   -1.78
   -2.01
   -1.36
   -0.67
   -0.43
   -0.79
   -0.07
    2.04
   -1.23
    1.37
    0.66
    0.15
    1.01
   -1.20
    1.10
    0.40
   -0.74
   -0.33
    0.91
    0.47
   -0.91
    1.23
   -1.19
   -0.52
   -2.78
    0.88
    0.00
    0.32
    1.44
    0.13
    1.21
APPL
    2.28
   -0.97
    0.80
   -0.47
    1.61
    2.12
    0.23
    2.14
   -1.35
   -0.43
    1.25
    1.11
   -0.68
    0.36
    0.48
   -0.29
   -2.94
    2.83
    2.09
   -0.14
   -4.43
   -0.27
    3.30
    0.82
    1.17
   -1.59
    0.47
   -0.60
    2.37
   -0.71
    0.02
   -1.83
    1.45
   -1.03
   -2.26
   -4.75
   -3.39
    1.59
   -6.54
   -0.06
    9.31
   -3.18
    4.64
   -3.24
   -1.33
   -7.91
    7.20
   -3.47
   -9.88
   11.98
  -12.86
    4.40
   -2.45
   -0.77
   -6.35
   -2.12
   10.03
   -0.55
    5.26
   -4.14
    2.85
   -0.20
   -5.26
    1.67
   -1.44
    8.72
   -1.16
    2.56
    0.72
    1.96
    5.05
   -0.91
    0.79
   -1.36
   -2.08
   -3.09
    2.88
   -0.39
    2.89
    0.07
   -1.62
    3.28
    2.11
   -1.61
    1.41
    1.50
    1.03
    1.03
    2.10
    1.57
   -1.14
   -1.21
    0.61
   -0.59
    2.36
   -0.58
    1.94
   -0.75
    0.64
   -0.68
    0.44
    0.04
   -0.10
    1.23
    0.46
    0.55
   -0.86
    2.85
    0.59
    3.16
    2.57
   -4.80
    0.86
    1.24
    2.65
   -0.14
    0.04
   -0.57
    2.62
    2.13
   -1.77
    1.33
   -3.07
    2.30
    0.83
   -0.19
    0.00
    2.68
   -0.31
    2.33
    0.36
    0.25
   -0.46
    1.65
    0.69
   -1.23
   -0.20
    2.11
   -1.38
    0.28
   -4.55
   -0.25
    2.37
   -1.64
    1.92
    1.21
   10.47
    2.52
    0.67
    0.36
    3.49
   -2.45
    1.45
   -2.97
    3.32
    1.77
   -0.09
   -0.26
    0.83
    0.13
    2.22
    5.15
    1.20
   -0.82
    1.36
   -1.20
   -0.16
    3.39
    3.98
   -2.07
   -8.01
    0.07
   -6.73
    3.99
   -3.26
   -1.31
    3.00
    0.16
   -2.95
   -1.60
   -3.17
    3.03
    1.57
   -4.19
    1.03
    3.75
    2.39
   -0.76
    1.51
    0.85
   -3.23
    3.08
   -2.87
    1.70
   -0.10
    1.74
    6.35
   -2.65
    0.07
   -0.40
   -1.40
   -2.55
    1.32
   -0.54
   -0.96
   -0.61
    0.01
    1.35
   -4.63
    3.71
   -5.60
   -0.08
    1.54
    4.08
    3.55
   -0.29
   -2.00
   -0.30
    3.04
   -0.23
    0.04
    0.87
   -0.76
   -1.14
    0.52
   -1.10
   -2.97
    1.16
    0.75
    0.48
    2.11
    3.08
    0.29
   -0.11
   -0.56
    1.23
    0.51
   -2.09
    1.20
   -0.67
   -0.51
    5.01
   -0.05
    0.70
   -1.59
    1.24
    2.85
   -0.70
    0.77
    3.58
   -1.33
   -0.85
   -0.77
AXP
    1.09
   -0.99
   -0.43
   -0.52
    1.73
    1.81
   -0.41
    0.99
    0.20
    0.79
    0.56
    0.74
   -0.75
    0.74
   -0.09
    2.85
   -3.31
    1.39
   -0.58
    1.17
   -2.51
    0.87
    0.65
    1.33
   -0.26
   -1.07
    0.32
    0.29
    0.46
    0.92
    1.05
   -0.20
    0.98
   -0.26
   -1.23
   -4.97
   -5.69
   -1.99
   -4.80
   -2.55
    3.58
   -5.15
    7.12
   -4.11
   -2.43
   -9.19
    5.10
   -7.67
  -12.42
   19.24
  -13.79
    0.83
  -14.82
    4.50
   -3.83
   -6.96
   21.88
    7.28
    3.46
   -4.89
    1.74
   -5.16
   -9.08
   -1.52
   -3.99
   13.95
    4.42
    5.14
    2.98
   -4.74
   -2.15
   -5.20
   -2.91
    7.42
   -3.87
   -2.96
    1.25
   -0.10
    0.86
    2.27
    3.68
    8.99
   -5.07
   -3.21
   -2.20
    0.42
   -3.16
    3.25
    3.19
   -4.66
   -2.57
   -6.15
    7.41
   -1.90
    7.53
   -1.30
    3.98
   -0.99
   -0.56
    5.59
    7.33
   -3.13
   -3.05
    1.77
    2.40
    6.39
    1.08
    2.99
    3.59
   -2.82
   -3.89
   -7.12
    3.12
    2.23
    1.61
   -1.57
   -1.73
   -1.19
   -1.49
   -0.02
   -3.96
    2.48
   -4.53
    1.18
    0.72
   -1.21
    0.30
    2.39
   -3.70
   -0.12
   -2.51
    2.94
    0.35
    1.37
    2.66
   -1.07
   -1.18
   -1.24
    2.48
    0.22
    0.13
   -1.39
    0.48
   -1.43
    2.40
   -2.11
   -1.41
    0.24
   -0.37
    2.36
    0.56
    3.38
    2.48
    1.61
   -1.53
   -1.24
   -0.01
   -2.85
   -0.90
    0.23
   -0.18
   -0.59
    3.31
   -0.28
   -0.66
    3.18
    0.99
   -0.93
    0.87
    1.88
    0.06
    1.16
   -1.89
    0.11
   -0.97
    0.57
    3.78
   -0.55
   -0.66
   -1.25
   -1.17
   -5.09
    0.32
   -2.97
   -0.12
    0.85
    2.66
   -1.08
    2.56
    1.08
    0.28
    2.24
   -2.05
    1.59
    2.59
    0.26
    0.25
   -1.50
   -0.19
   -0.36
    0.46
   -2.33
    0.65
   -1.66
    3.31
   -3.64
   -4.06
   -2.01
   -3.51
   -0.58
    0.19
    2.37
    3.09
    0.11
    1.77
   -1.45
   21.39
   -1.21
   -4.17
   -0.02
    3.50
    3.20
   -1.85
   -1.92
   -0.09
   -1.37
    3.12
    3.70
    0.16
    0.01
   -1.66
    1.13
    2.00
    0.65
    1.56
   -0.88
   -0.34
   -1.48
    0.12
   -1.32
   -2.39
    1.48
   -0.08
   -0.02
   -1.24
   -0.94
   -1.60
    2.10
    0.34
    0.86
   -0.19
    1.09
    1.24
BA
    2.32
   -0.17
    0.29
    1.06
   -1.75
    1.50
   -1.91
    0.09
    0.65
   -0.77
    0.67
   -2.36
   -3.33
   -1.39
    2.84
    1.66
   -2.00
   -0.01
    1.72
    0.40
   -1.56
   -0.71
    0.61
    3.65
    3.60
   -1.37
    2.35
   -0.07
    0.88
   -1.33
   -0.68
   -0.47
   -0.17
   -0.60
   -1.75
   -3.78
   -4.33
    0.48
   -5.83
   -4.40
    5.15
   -2.99
    0.89
   -8.04
    0.75
  -13.40
    1.69
  -18.15
  -18.11
    9.92
  -23.85
   -4.22
  -17.92
   -4.10
   -2.76
   11.17
   20.89
   24.32
   13.75
  -10.27
   -6.00
   -2.06
  -12.36
   -5.68
    1.01
   19.47
   -4.83
    3.74
    3.38
   -2.97
   -4.30
    3.53
   -8.04
   14.72
   -6.75
   -5.07
   -1.00
    2.05
   -6.36
   -0.23
    2.04
    5.86
    1.45
   -5.42
   -1.43
   -4.61
   -2.82
    5.57
    3.72
   -3.39
   -2.86
   -2.97
    0.84
   -2.06
   12.87
   -3.69
    2.21
    4.26
   -1.06
    5.24
    3.31
    0.20
   -2.65
    3.80
    1.27
   12.95
    6.43
   11.46
   12.20
   -5.97
   -6.15
  -16.42
   11.48
    0.75
    3.58
   -2.64
   -0.13
   -2.74
    0.80
   -0.34
   -5.96
   -1.02
   -2.78
   14.40
   -5.75
   -1.63
    0.27
    3.93
   -4.81
    0.67
   -3.78
    2.98
   -1.56
    2.45
    4.43
   -4.92
   -1.70
   -0.71
    2.41
    0.65
   -1.86
   -1.52
   -2.04
    0.37
   -2.83
   -2.45
   -2.44
    2.70
    1.73
    5.58
   -1.19
   -1.27
    5.52
    0.40
   -2.60
   -0.40
    1.92
   -3.41
   -1.03
   -0.56
    0.18
   -1.23
    6.43
   -1.99
   -1.62
    1.34
    0.92
   -2.26
    0.16
    1.56
   -3.44
    1.35
   -5.83
   -0.19
   -1.92
    1.61
    3.20
   -1.12
    2.43
    0.04
   -3.81
   -2.97
    0.29
   -3.58
   -3.39
    6.83
    6.44
   -1.49
    1.01
    1.57
    0.13
    1.86
   -6.81
    3.18
    2.06
   -0.40
    0.01
   -3.11
    0.68
    0.61
    1.89
   -0.14
    0.08
   -2.02
    3.18
   -1.01
   -3.90
   -3.48
   -4.57
    0.10
   -2.63
    2.92
    3.40
   -1.31
    3.60
    0.41
   13.71
    5.20
   -3.47
   -2.98
    5.88
    8.17
    3.78
   -3.21
    1.17
   -2.94
    5.97
    3.29
   -0.40
   -0.51
   -2.67
    1.09
    5.09
    5.96
   -1.89
    2.35
   -0.67
   -1.91
    1.02
   -1.75
   -0.74
    0.38
   -1.58
   -2.05
   -0.67
   -0.20
   -0.24
    0.42
   -1.16
   -0.49
    0.07
    0.19
   -1.20
CAT
    1.93
   -1.39
   -0.07
   -1.32
    0.89
   -0.25
   -0.80
    0.47
   -0.10
   -0.76
    1.58
   -0.06
   -1.31
   -2.21
    0.08
   -1.66
   -3.31
    0.74
   -0.70
   -0.30
   -2.97
   -1.20
    2.88
    2.94
   -0.14
   -2.83
    0.71
    1.39
    2.50
    0.09
   -1.24
   -1.02
    0.21
    0.05
    0.20
   -3.67
   -2.40
   -0.58
   -3.88
    0.79
    2.70
   -2.52
    2.43
   -4.26
   -0.46
  -14.28
    2.33
   -5.45
   -8.37
    8.00
   -6.25
    7.27
   -0.08
    2.89
   -7.29
   -3.82
   10.33
    3.29
    5.57
   -4.58
    5.95
    3.88
   -4.04
    4.84
   -1.77
    5.02
    1.24
    4.49
   -1.86
   -8.71
    2.05
   -4.25
    1.52
    2.72
   -1.46
   -4.14
    0.72
    2.05
    1.00
    1.02
    0.23
    3.98
   -3.07
   -4.73
   -2.85
    1.10
   -1.14
   -0.35
    4.49
   -3.12
   -3.32
   -0.50
    1.64
    1.63
    6.58
   -2.56
    3.22
   -1.41
   -1.39
    4.39
    4.27
   -1.37
   -0.51
    0.31
    2.34
    3.06
    1.47
    4.78
    1.92
   -2.56
   -1.30
   -8.22
    1.32
    0.37
    5.26
   -1.44
   -0.50
   -0.10
   -1.31
    0.37
   -3.32
    2.17
   -1.86
    2.34
    1.00
   -0.35
    1.32
    1.34
   -1.72
    0.73
   -1.87
    1.81
    2.00
    4.83
    1.08
    0.14
   -1.20
   -1.66
    0.92
    0.82
   -0.28
    0.72
    1.68
   -1.33
    1.81
   -2.70
   -2.82
   -0.83
   -0.20
    2.62
   -0.43
    0.39
    5.26
    0.36
    0.03
   -1.33
   -0.50
   -0.89
   -0.25
   -0.25
   -0.39
    0.69
    2.35
   -0.37
    0.48
    1.09
    0.18
   -0.92
    2.63
    2.20
   -1.68
    0.97
    0.23
    2.81
   -1.85
    2.65
   -0.21
   -3.20
    1.69
    1.83
   -0.96
   -4.63
    1.25
   -1.88
    0.53
    0.53
    1.21
   -0.18
    1.18
   -1.64
    2.20
    2.37
   -1.28
    2.14
    1.22
    1.46
    2.31
   -0.30
    0.92
    0.87
    2.25
   -0.72
    0.87
   -0.94
    1.35
   -0.63
   -3.20
   -3.24
   -4.27
    2.32
    1.54
    3.96
    2.71
   -7.43
    5.06
   -1.10
    5.91
    0.87
   -1.65
   -0.19
    1.53
    0.86
   -0.74
    0.48
    0.09
   -0.39
    1.48
    1.21
   -1.28
    0.26
   -0.85
   -0.19
    0.35
    0.44
    4.34
   -1.92
    0.07
    0.69
   -0.68
    0.25
   -0.69
    2.07
   -1.23
   -0.18
    1.00
   -0.44
   -1.99
    1.04
    0.64
   -0.66
   -0.96
    1.92
    1.10
CRM
    2.67
   -0.49
    4.38
    1.47
    0.76
    1.28
    0.33
    2.03
   -0.94
   -0.58
    0.90
   -0.25
    1.67
   -1.36
    0.67
   -1.02
   -0.77
    1.18
   -0.59
    2.15
   -1.81
    1.71
    1.57
   -1.51
    0.67
   -0.54
    1.83
   -0.01
    0.19
   -0.43
    0.69
    0.60
    0.93
    0.25
   -2.00
   -1.88
   -2.51
   -1.32
   -3.76
   -1.02
    3.73
   -4.18
    3.73
   -3.47
   -3.25
   -7.84
    6.70
   -4.20
   -9.04
    5.11
  -15.89
    8.95
   -2.35
    5.46
   -0.08
    0.84
    9.34
   -4.28
    5.22
   -5.64
    2.64
   -3.92
   -6.89
    0.19
   -0.01
    9.86
   -1.68
    4.17
    2.27
   -1.33
    3.42
   -1.32
    0.92
    3.54
    0.09
   -7.50
    2.38
   -1.57
    1.49
    2.37
   -2.01
    3.87
    0.95
   -3.45
    3.26
    1.10
    0.26
    3.81
    3.53
    3.85
   -2.81
   -4.45
   -1.56
    2.59
    0.68
    2.05
    0.51
   -0.94
    1.48
   -0.75
    0.05
    2.55
   -3.48
    0.90
   -1.21
    0.44
   -2.03
    1.42
    1.54
   -1.13
    4.32
   -5.52
    1.78
    2.00
    1.05
    0.51
    3.45
   -0.38
    2.51
   -1.35
   -1.86
    1.50
   -2.75
    0.09
    2.18
    2.43
    0.33
    2.70
   -0.68
    1.99
    0.23
   -0.93
   -5.30
    0.65
   -0.78
   -1.37
    1.22
    3.89
   -2.20
    0.27
   -1.45
   -0.03
    1.31
   -0.76
    2.17
   -0.99
    1.64
    4.28
   -0.88
    0.61
    2.54
   -3.24
   -1.93
   -2.62
    0.33
    1.31
   -0.86
    1.70
    3.70
    0.54
    2.15
   -0.95
    0.45
    3.64
   26.04
    1.47
   -1.89
    0.57
    3.15
   -1.62
   -4.22
   -3.89
   -5.27
    3.80
   -1.05
   -1.90
    1.46
    2.04
   -0.43
   -2.42
   -0.72
    0.94
    1.11
   -4.76
    0.66
    2.18
    1.62
    0.32
    1.56
    0.85
   -2.21
    1.48
   -0.55
    3.93
    0.09
    2.21
    0.41
   -0.09
   -1.87
   -1.57
    0.32
   -1.37
    0.38
   -0.68
   -1.79
    0.34
   -3.41
    3.44
   -4.74
   -0.54
   -2.05
    0.08
    2.01
    5.74
    3.78
   -0.03
   -0.33
   -4.48
    2.63
   -1.87
    0.04
    0.15
    2.51
    0.39
    2.91
   -2.50
   -0.16
    1.24
   -5.37
    0.33
   -0.74
   -1.81
   -8.52
    0.09
    2.21
    0.81
    0.07
   -3.20
    1.07
   -0.22
   -0.52
   -0.51
    1.58
    1.03
    0.67
   -0.42
    2.08
   -1.62
   -0.73
   -0.50
   -0.97
   -0.03
    0.06
CSCO
    0.96
   -1.63
    0.36
   -0.65
    0.06
   -0.42
   -0.40
    1.78
   -0.38
    0.46
    2.17
   -0.06
   -0.45
    0.53
   -0.12
   -0.31
   -2.82
    0.63
   -1.51
    0.40
   -2.69
    1.22
    2.34
    1.74
    0.50
   -1.48
    1.88
    0.53
    1.63
   -5.23
   -0.74
   -0.81
   -0.64
    1.21
   -1.17
   -4.97
   -2.86
   -1.36
   -5.03
   -0.27
    3.11
   -2.74
    3.37
   -4.40
    0.28
   -4.33
    5.58
   -7.56
  -10.39
   13.37
  -10.44
    5.31
    4.56
    1.59
   -5.60
   -2.81
   11.56
   -2.41
    7.72
   -4.34
    3.86
   -2.50
   -2.49
    3.84
   -1.86
    6.07
   -1.91
    2.71
   -1.29
    0.05
    3.78
   -2.95
   -0.05
    2.36
    0.14
   -4.68
    2.98
   -0.34
    2.16
    1.27
   -1.32
    2.00
   -2.22
   -3.45
    1.05
    0.27
   -0.75
    0.53
    3.92
    0.77
   -0.23
   -2.94
    4.53
    0.96
    1.78
   -1.02
    1.88
   -1.76
    0.58
   -0.13
    2.50
   -0.81
    4.89
   -3.18
    1.27
    0.11
   -0.17
    2.07
    0.63
   -0.17
   -1.31
   -7.91
    3.21
    0.62
    2.49
   -0.67
   -0.74
   -1.11
   -0.35
    0.69
   -1.58
    1.05
    2.41
   -0.35
    1.06
   -1.24
   -0.93
    1.73
   -1.70
    0.39
    1.94
   -0.09
   -1.56
    0.72
    0.30
   -1.34
    2.12
    0.47
    0.11
   -0.26
    1.09
   -2.13
    1.70
   -1.93
    0.93
   -0.58
    1.42
    0.13
    1.08
   -0.71
    0.93
   -0.71
    0.63
   -1.13
    1.93
  -11.19
   -0.51
   -0.96
   -0.26
   -0.26
    1.05
   -0.14
   -0.17
   -0.52
    0.69
    0.09
   -0.21
    0.05
   -0.45
    0.93
   -3.47
   -0.32
   -2.01
    0.33
   -1.40
    0.78
    1.23
    0.57
   -0.44
   -0.12
   -1.39
   -1.93
    0.72
   -2.64
   -1.12
    1.59
    1.77
   -0.18
    0.84
   -1.50
   -1.37
    0.78
    0.00
    2.15
    0.99
    0.15
    1.28
   -1.36
    0.20
    0.20
    0.48
   -2.14
   -0.25
   -0.36
   -0.61
    0.00
   -2.96
   -2.12
   -3.15
   -0.06
    0.59
    0.00
    2.17
   -0.30
    1.80
    0.81
    1.79
    1.36
    1.58
   -1.68
    7.06
    2.75
   -1.55
   -1.34
   -0.36
   -0.49
    1.64
    2.33
   -0.26
    0.47
    0.75
    1.21
    0.80
    0.50
    0.61
   -0.07
    0.05
    0.72
   -0.83
    0.00
   -0.18
    1.08
    0.00
    0.22
    1.38
   -1.23
   -0.42
   -0.69
    0.36
    0.85
   -0.62
   -0.36
    0.61
CVX
    0.76
   -0.35
   -0.34
   -1.28
   -1.14
   -0.16
   -0.91
    0.19
   -0.31
   -0.15
    0.65
   -1.12
   -1.96
   -0.36
    0.18
   -1.11
   -1.31
    0.66
   -0.67
    0.93
   -3.82
   -0.80
    0.54
    3.21
   -0.72
   -0.50
    0.78
    1.29
    0.75
   -0.34
   -1.42
    0.15
    0.45
   -0.84
   -0.73
   -3.94
   -3.82
   -2.65
   -3.99
   -0.84
    3.48
   -2.28
    4.39
   -1.36
   -1.92
  -15.37
    5.34
   -2.29
   -8.15
    9.39
  -16.45
    1.42
  -22.12
    4.25
    3.48
   -8.71
   22.74
    4.09
   10.26
   -9.95
    4.61
    0.71
   -5.38
   11.03
   -1.33
    7.03
    0.66
    6.25
   -1.94
    0.71
   -0.35
   -2.51
   -3.03
    8.98
   -4.13
   -2.31
    3.43
    2.79
    0.24
    3.10
    0.22
    5.24
   -2.77
   -2.78
    2.24
    1.59
   -3.06
    2.88
    3.05
   -2.20
   -2.43
   -2.63
    1.52
   -0.99
    3.80
   -3.17
    3.77
   -1.03
   -1.91
    3.35
    0.64
   -3.23
    0.91
    1.19
    2.05
    2.63
   -0.93
    4.71
    2.41
   -1.66
   -3.89
   -8.41
    3.38
   -1.26
    3.07
   -2.65
    0.44
   -1.42
    1.06
   -0.16
   -4.16
    1.79
   -3.08
    1.40
    1.78
   -1.80
    0.79
    0.29
   -2.55
    0.05
   -4.18
    3.01
    0.20
    3.45
    0.61
   -0.60
   -1.32
   -2.20
    7.18
   -0.38
   -0.03
   -0.97
    1.01
   -2.12
    1.08
   -4.22
   -2.70
    1.04
    1.98
    0.82
    0.31
   -0.77
    3.38
   -0.12
    1.23
   -0.99
    0.59
    0.46
   -3.46
   -1.42
   -1.83
    0.32
    2.49
   -1.23
   -1.57
    0.15
    0.85
   -1.99
   -1.01
    0.13
   -1.09
   -0.43
   -3.61
    1.34
   -2.35
   -0.59
   -0.51
   -1.22
    2.89
    0.29
   -0.74
   -2.44
   -1.01
   -4.74
   -0.21
    0.04
    2.92
   -2.75
    0.14
   -2.19
    1.09
    2.12
   -0.55
    2.05
    1.95
   -1.62
    0.69
   -1.49
   -0.61
    0.77
   -0.84
   -2.21
    0.56
   -1.13
    3.57
   -1.13
   -2.25
   -2.02
   -3.78
    2.87
    1.02
    3.81
   -0.57
    0.04
    0.52
   -1.37
   11.60
    4.62
   -0.73
   -2.17
    2.93
    7.14
   -2.16
   -3.17
    1.72
    0.07
    6.11
    5.04
   -3.64
   -0.90
   -4.52
    0.31
    2.77
   -0.08
    3.88
   -2.70
    0.86
   -1.20
    3.22
   -0.96
   -3.26
   -0.08
   -0.76
   -0.32
   -1.38
   -1.26
   -2.01
    1.58
   -0.42
   -0.50
   -0.34
    0.85
   -1.03
DIS
    2.47
   -1.15
   -0.58
    0.03
   -0.21
   -0.39
   -0.15
   -0.51
    0.92
   -0.61
    0.55
   -0.54
   -0.53
    0.31
   -1.26
   -1.49
   -2.98
    1.82
   -1.67
    1.29
    0.36
    2.18
    2.41
   -2.32
    0.94
   -1.18
    1.11
   -1.11
    0.60
   -0.67
   -0.97
   -0.29
    1.55
   -0.66
   -1.00
   -4.29
   -3.62
   -3.77
   -4.31
   -0.33
    1.98
   -2.94
    2.34
   -4.36
    1.13
   -9.47
    6.81
   -5.34
  -12.98
   11.67
   -7.33
   -1.56
   -5.06
    6.90
   -9.43
   -0.26
   14.41
    2.66
    4.60
   -8.50
    3.53
   -3.21
   -1.74
    2.16
   -3.19
    6.07
    1.67
   -0.17
    3.39
   -0.96
    2.44
   -2.51
   -1.31
    4.52
   -4.10
   -1.68
    0.45
    0.01
    0.19
    4.81
    0.14
    5.69
   -3.65
   -2.45
   -2.20
   -2.05
   -0.18
    4.65
    3.40
   -1.27
   -2.98
   -1.57
    2.91
    2.96
    7.15
   -2.12
    4.85
   -1.74
    0.16
    2.48
    0.48
   -3.93
    0.47
    1.25
   -0.02
    2.89
    1.24
    0.91
    1.97
   -2.66
   -1.38
   -7.81
    2.53
    1.38
    1.16
   -0.67
    0.61
   -3.40
    1.37
    0.58
   -3.88
   -0.63
   -2.03
    2.22
   -0.01
    1.35
   -0.73
    2.01
   -0.70
    2.67
    0.13
    2.17
   -2.61
    2.10
    1.89
   -1.22
   -0.65
   -0.72
    0.70
    0.35
   -0.76
   -0.43
   -1.11
   -0.11
   -0.49
    0.04
    1.11
   -0.50
    0.81
    8.80
    2.52
   -0.68
   -0.88
    1.32
    1.00
   -0.63
   -0.33
   -0.89
   -0.35
   -0.89
    0.27
   -0.53
    2.55
   -0.69
    1.84
    1.17
    1.35
   -2.71
    1.27
    1.38
   -1.59
   -0.94
    1.67
   -0.63
   -0.10
   -1.10
   -0.38
   -0.01
    0.65
   -1.42
   -1.22
   -2.50
    1.44
   -3.09
   -0.64
    1.23
    1.60
   -0.47
   -1.05
   -0.62
   -0.62
    0.67
   -1.98
    1.64
    0.15
    1.54
   -0.01
    3.19
   -1.84
    0.61
   -0.43
   -2.03
    0.58
    1.34
    0.73
    0.62
   -3.34
   -0.60
   -3.93
    2.59
   -0.24
   -0.92
    3.24
    0.85
    1.51
    0.39
   11.87
   -0.34
   -3.02
   -1.67
    2.10
    4.56
   -0.12
   -0.42
   -1.51
   -0.46
    3.48
    3.77
   -1.58
   -1.31
    0.60
    0.97
    2.79
   -0.24
    0.59
   -0.30
    0.03
    0.46
    0.17
   13.59
   -3.65
    2.74
   -0.47
    0.25
   -0.38
   -1.27
   -0.14
    1.82
    0.10
    2.95
   -0.87
    2.18
    0.01
DOW
   -1.79
   -2.47
   -0.40
   -0.04
    1.03
   -1.02
   -1.32
    1.65
   -0.21
    0.06
    0.40
    1.64
   -1.39
   -3.29
   -1.22
   -3.50
   -2.70
   -0.04
    5.32
   -2.42
   -4.95
    1.45
    2.80
    3.25
   -0.83
   -2.38
    0.33
    1.25
    1.21
   -2.19
    0.68
   -1.83
   -0.38
    2.52
   -0.94
   -4.27
   -4.95
   -2.05
   -8.13
    2.17
    2.50
   -2.08
    3.33
   -4.32
   -2.82
  -21.66
    2.85
  -10.86
  -15.43
    8.53
  -14.36
   20.91
   -0.60
    6.35
   -2.42
   -3.13
    7.11
    6.71
   -2.30
   -3.77
    0.32
    2.06
   -7.52
    3.66
   -0.21
    9.19
    5.86
    7.61
    5.09
   -3.64
    0.40
   -8.88
   -1.86
    5.66
   -5.66
   -2.06
    3.11
    2.26
    1.72
    3.99
    4.15
    4.46
   -2.08
   -7.52
   -2.56
    0.94
   -4.23
    2.78
    4.51
   -1.25
   -0.32
   -4.26
    3.59
    0.15
    9.48
   -2.99
    1.52
   -1.00
    0.84
    7.39
    2.66
   -2.79
   -0.28
    0.03
    5.15
    2.54
    2.59
    2.95
    4.39
   -3.25
   -1.87
   -9.91
    5.02
    1.82
    0.64
   -2.56
    1.00
    0.17
    0.22
   -0.93
   -7.01
    3.98
   -0.45
    2.96
   -0.54
   -0.02
    2.06
    2.07
   -1.79
   -3.21
   -2.26
    3.35
    1.18
    2.91
    2.10
    1.15
   -0.37
   -3.14
    1.75
    3.02
   -3.43
   -0.49
    3.26
   -3.14
    2.11
   -4.11
   -1.61
   -2.36
    3.07
    1.62
    0.14
    1.38
    5.09
   -0.67
   -0.49
    0.34
    0.99
   -0.91
    0.56
   -0.16
   -2.13
   -0.23
    5.80
   -1.15
    1.65
   -0.39
   -0.24
   -2.02
    4.77
    4.13
   -1.69
    0.43
   -1.38
    2.71
   -1.08
    2.36
    0.48
    1.96
   -2.68
    2.56
   -1.18
   -4.88
   -0.23
   -2.22
   -0.71
   -0.80
    3.13
   -1.92
    1.03
   -2.00
    2.60
    2.68
   -1.44
    0.88
    2.24
   -0.04
   -1.58
   -1.44
    1.98
    0.37
    0.59
   -0.93
    1.02
   -1.60
    0.56
   -0.59
   -2.84
   -1.23
   -2.98
    2.37
   -1.64
    5.12
    1.90
   -4.68
    5.43
   -1.51
    8.07
    2.57
   -2.34
   -2.24
    1.82
    3.77
    1.02
    1.51
    0.07
   -1.10
    2.21
    3.20
   -2.25
   -1.83
   -4.31
    0.98
   -0.62
    0.75
    2.71
   -3.34
    2.52
    0.20
   -0.42
   -0.79
   -1.74
    2.02
   -0.55
    0.00
    3.40
   -1.04
   -0.74
    0.15
    0.07
   -0.91
    0.07
    2.10
    0.05
GS
    1.91
   -1.17
    1.02
    0.66
    0.96
    2.04
   -0.20
    1.28
    0.18
   -0.18
    1.84
   -0.10
   -1.51
    0.55
   -0.60
   -1.49
   -1.56
    1.86
   -1.01
    1.67
   -2.61
    0.53
    1.23
    0.98
   -1.02
   -1.58
   -0.27
   -0.38
    0.93
   -0.13
   -0.53
   -1.63
    1.77
   -1.94
   -0.91
   -2.64
   -3.09
   -0.84
   -4.68
   -2.39
    4.33
   -2.88
    2.61
   -4.77
   -2.99
  -10.39
    6.68
   -6.76
  -12.34
   17.58
  -12.71
    2.59
  -11.75
    6.76
   -7.41
   -2.49
   13.80
    1.00
    6.87
   -4.49
    0.81
   -3.15
   -6.02
    3.19
   -2.00
    7.69
    4.92
    6.59
    4.13
   -2.76
   -0.53
    0.16
   -0.83
    3.64
   -1.68
   -3.65
    1.25
   -0.53
    1.11
    3.69
    1.89
    1.61
   -3.48
   -3.45
   -0.60
    1.29
   -0.77
    3.05
    1.68
   -1.20
   -3.25
   -3.05
    1.54
   -1.48
    5.82
   -2.23
    2.03
   -0.74
   -0.09
    8.96
    6.94
   -4.03
   -2.35
    1.75
    2.11
    3.15
    2.02
    1.44
    1.33
   -1.23
   -2.10
   -9.08
    3.94
    2.25
    1.59
   -1.62
   -1.14
   -1.08
    0.89
    0.67
   -3.30
    4.59
   -8.65
    2.26
    2.15
   -0.03
   -0.09
    5.05
   -3.86
    1.45
   -2.68
    4.44
    1.62
    2.46
    1.35
   -1.03
   -1.52
    0.14
    0.15
   -2.84
   -1.45
   -0.76
    0.77
   -0.69
    0.48
   -1.51
   -0.79
    0.72
    1.13
    1.43
   -0.13
    1.97
    0.53
    0.80
    0.51
   -1.76
   -0.20
   -2.36
   -0.87
    0.85
   -0.58
    0.29
    2.43
   -0.65
    0.59
    1.41
   -1.16
   -1.37
    0.29
    2.23
   -1.18
    1.63
   -4.01
   -0.13
   -1.09
    0.45
    0.21
   -1.66
    1.35
   -2.92
    0.02
   -0.44
   -1.23
   -2.87
    4.83
   -0.08
    2.11
   -1.15
    2.12
   -1.20
    0.68
    0.95
   -0.35
    1.25
    2.15
   -0.21
    3.17
   -1.55
    0.20
   -1.25
   -1.15
   -0.25
    1.14
   -2.46
    1.23
   -0.18
   -1.90
   -2.71
   -3.02
    0.09
   -0.47
    0.61
    4.06
   -0.03
    2.57
   -0.84
    6.79
    1.18
    0.27
   -1.62
    2.13
    1.51
    1.02
   -0.16
    0.12
   -0.54
    2.45
    3.79
   -0.40
   -0.48
   -2.05
    0.65
    2.40
   -0.92
    1.75
   -0.47
    0.16
    1.67
    0.65
   -1.80
   -0.92
    1.95
    0.55
    0.27
   -0.94
    6.13
   -2.68
    2.54
   -0.11
    1.34
   -0.61
    0.56
    1.64
HD
    0.59
   -0.33
    0.47
   -0.65
    1.50
    1.53
   -0.43
   -0.39
   -0.24
    0.80
    1.88
    1.35
    0.45
   -0.02
    0.32
   -0.71
   -0.35
    1.15
    0.07
   -0.53
   -2.01
    1.51
    1.49
    1.32
    0.31
   -0.64
    1.39
    0.43
   -0.02
    0.32
    1.10
   -0.44
   -0.12
    1.39
   -0.68
   -2.30
   -0.97
   -0.88
   -4.48
   -3.07
    5.55
   -0.87
    5.76
   -2.60
   -2.68
   -7.90
    7.24
   -5.68
  -10.47
    7.91
  -19.79
    5.26
  -10.37
    3.53
   -5.57
    6.73
   13.75
   -1.60
    7.40
   -2.39
    2.91
   -4.79
   -4.33
    1.50
   -1.44
    7.07
    0.50
    1.32
    3.44
   -1.36
    4.22
   -4.19
    0.69
    4.79
   -1.61
   -2.64
    1.77
   -0.91
    4.87
    2.63
   -0.06
    1.92
   -0.89
   -0.57
    1.50
    1.70
   -0.75
    2.47
    2.17
    0.91
   -1.55
   -1.20
    1.90
    2.07
    2.52
   -2.95
    0.04
    1.13
    0.42
    0.25
    2.01
   -0.90
    1.36
   -0.48
    2.19
   -0.68
   -0.82
    2.39
    0.73
    0.00
   -0.90
   -5.89
    1.24
   -0.45
    3.56
    0.36
   -0.65
   -1.03
    1.02
    0.46
   -1.67
   -0.30
   -1.78
    2.12
    1.78
   -0.94
    0.14
    0.42
   -0.88
    0.74
   -0.49
    0.87
   -0.20
    3.27
    0.00
    0.11
    0.89
   -0.08
    0.86
    1.05
   -0.51
    0.57
    0.80
   -0.80
   -0.23
    0.62
   -0.31
    0.26
    0.63
   -0.15
    0.71
    0.84
    1.14
    0.07
    2.42
    0.03
   -0.39
    2.74
   -1.12
   -0.75
   -0.77
    0.91
    1.24
   -0.22
    2.03
   -1.13
   -0.81
   -0.44
    0.32
    0.44
   -4.38
   -1.81
   -0.15
    2.89
   -1.57
    1.33
    1.56
    1.76
   -1.38
   -0.59
   -1.70
   -1.03
    0.35
   -2.47
   -0.32
    1.07
    1.41
   -0.08
    2.06
   -0.03
    0.61
    1.00
   -2.00
    2.29
    0.61
    0.49
    0.35
    1.20
   -1.13
    0.16
    0.04
   -1.37
    0.81
   -0.53
   -1.18
    0.65
   -2.46
    0.29
   -2.57
   -0.03
   -1.08
    1.51
    2.45
    1.93
    1.11
   -0.56
   -5.02
    2.07
    0.79
   -0.54
    0.34
    0.87
   -2.54
   -0.97
    0.41
   -0.41
    0.59
    0.70
    0.24
    0.74
    0.51
   -0.29
   -1.99
   -1.09
   -1.55
   -0.51
   -0.35
    1.47
   -0.29
   -0.10
    0.39
    0.90
    0.60
    1.62
   -1.28
    0.20
   -0.35
   -0.09
    0.41
   -0.62
   -1.14
   -0.35
    0.14
HON
    2.14
   -1.07
   -0.75
    0.06
    0.08
    0.74
   -0.22
    1.45
   -0.45
    0.16
    0.85
    0.53
   -1.26
   -0.49
   -0.26
   -1.36
   -2.03
    1.11
    0.12
    1.52
   -2.87
   -1.10
    2.27
    0.96
   -0.31
   -0.61
    0.95
    1.24
    1.13
   -0.59
    0.38
   -0.77
    0.80
   -0.09
   -0.45
   -2.56
   -4.26
   -0.37
   -4.56
    1.64
    1.28
   -1.43
    5.74
   -3.66
   -0.54
   -6.81
    5.78
   -5.13
  -12.09
   10.80
   -9.46
   -2.57
   -9.25
   -0.54
   -5.43
   -7.68
   15.07
    8.48
    5.98
   -4.46
    0.37
    1.55
   -3.05
    2.39
   -4.04
    5.14
    0.93
    2.97
    3.00
   -3.83
    1.92
   -4.09
   -1.86
    4.53
   -1.89
   -2.73
    0.78
    1.24
    0.62
    3.22
    2.06
    2.38
   -2.91
   -3.28
   -1.49
   -0.24
   -1.36
   -0.19
    3.10
   -1.92
   -4.98
   -3.62
    3.32
   -1.29
    8.48
   -3.01
    3.09
    1.22
    1.08
    4.14
    2.52
   -0.69
   -1.16
    0.23
    1.48
    3.37
    1.67
    3.50
    0.96
   -2.96
   -2.52
   -6.93
    0.75
    1.47
    1.69
   -0.52
   -0.07
   -1.93
   -0.30
   -0.06
   -4.49
    2.97
   -2.98
    3.64
    0.94
   -0.33
    0.63
    1.52
   -1.53
    0.43
   -2.90
    0.76
    0.73
    3.21
    2.59
    0.76
    1.25
   -1.04
    0.89
   -0.10
   -0.57
   -2.80
    0.89
    0.83
    1.69
   -3.51
    0.14
   -0.56
   -0.81
    2.37
    1.17
    1.66
    2.79
    0.53
   -0.13
   -0.68
    0.82
   -0.95
   -0.87
   -0.34
   -0.43
    0.85
    1.19
    3.24
    0.47
    0.41
    1.44
   -1.68
    1.46
    2.68
   -3.58
    0.23
   -1.45
    0.90
   -0.89
    1.33
    1.21
   -0.10
    1.01
    0.20
   -0.96
   -4.34
    0.81
   -2.39
   -0.02
    1.72
    1.95
   -0.08
    0.06
   -0.56
    1.18
    1.88
   -1.08
    2.79
    1.30
    0.35
    0.56
   -2.17
    1.12
   -0.50
    1.30
   -1.87
    0.97
   -0.23
    2.30
   -0.74
   -3.06
   -2.01
   -3.35
    2.13
    0.21
    5.25
    3.23
   -0.17
    2.44
    0.54
    6.90
    2.53
   -1.33
   -1.03
    2.18
    3.50
   -1.56
   -2.06
    0.80
   -0.36
    1.28
    1.62
   -0.10
    0.83
   -2.62
    1.12
    0.87
    0.11
    2.14
   -0.74
    0.46
    0.08
   -0.13
    1.25
   -1.30
    1.10
   -1.80
    0.78
   -0.90
    0.30
   -1.29
    0.99
   -0.22
    0.20
   -0.39
    0.87
    0.83
IBM
    1.03
   -0.80
   -0.18
    0.07
    0.83
    1.06
   -0.04
   -0.07
   -0.57
    0.59
    1.00
    0.24
    0.62
    3.39
   -0.71
   -1.62
   -1.38
    0.67
   -1.33
   -0.67
    5.09
    1.77
    1.94
    4.84
    0.28
   -2.14
    0.66
   -0.62
    1.19
   -0.64
   -2.34
    0.27
   -0.16
    0.24
   -0.91
   -2.28
   -3.22
   -1.38
   -4.75
   -2.22
    3.19
   -4.02
    4.13
   -3.48
   -1.40
   -7.77
    5.91
   -5.45
  -12.85
    5.00
   -8.22
    7.64
   -2.91
   -3.10
   -4.93
   -0.65
   11.30
    0.35
    6.65
   -4.31
    4.54
   -1.77
   -5.22
    4.62
   -3.33
    7.97
    0.10
    3.78
    1.85
   -0.29
    2.28
   -4.21
   -2.49
    3.79
    0.24
   -3.03
    2.18
    1.71
    2.78
    0.96
    0.28
    1.92
   -2.43
   -2.94
   -0.16
    0.74
    0.48
   -1.58
    1.45
   -0.33
   -1.90
   -3.77
    1.05
    0.03
    3.92
   -1.04
    0.91
   -1.86
   -0.61
    2.85
    3.10
   -0.80
    0.30
   -0.01
    0.89
    2.42
   -0.12
    2.46
    2.79
   -2.86
   -1.52
   -9.13
    3.30
   -0.21
    2.88
   -0.80
    0.01
   -1.36
   -1.14
   -1.37
   -2.50
    2.24
   -1.55
    2.18
    0.85
   -1.85
    0.98
    0.41
   -2.17
    0.11
   -1.70
    2.28
    0.72
    1.17
    1.99
    0.82
    0.89
    1.01
   -0.25
    2.07
   -1.04
   -1.21
    0.33
   -1.38
    0.68
   -1.93
    0.03
    1.11
    1.23
   -0.31
    0.53
   -0.92
    1.72
   -0.28
   -0.04
   -1.32
    0.19
   -0.66
    0.39
   -0.86
   -0.56
    0.01
    2.05
   -0.83
   -0.38
    0.39
    0.34
   -1.41
    0.07
    3.87
   -2.91
   -1.73
   -0.89
    0.87
   -1.39
    0.75
    0.52
    0.29
    1.45
    0.56
   -1.73
   -2.04
    0.22
   -1.39
   -0.62
    0.73
    2.34
   -0.65
    0.60
   -0.48
   -0.43
    1.19
   -0.03
    1.72
    5.98
   -2.81
   -0.45
   -1.66
    0.67
   -0.83
    0.83
   -0.33
   -6.49
   -1.97
    0.61
    0.21
   -3.26
   -1.48
   -3.54
    2.12
    2.53
    1.12
    1.11
   -1.98
    2.56
   -0.64
    1.31
    2.06
   -0.60
   -2.30
    2.05
    1.29
   -0.56
   -0.79
    0.35
   -0.20
    2.69
    3.61
   -0.18
    0.12
   -0.67
   -0.29
    1.19
   -0.81
    2.90
   -1.97
    0.81
    0.86
   -1.44
   -0.55
   -0.60
    1.94
   -0.30
    0.00
    0.24
   -1.95
    0.18
    0.23
    0.64
    0.10
   -0.82
    0.44
    1.24
INTC
    1.65
   -1.22
   -0.28
   -1.67
    0.07
    0.56
   -0.61
    1.10
   -0.27
   -0.82
    1.22
   -0.10
    1.59
    3.60
    0.94
    8.13
   -4.06
    2.47
   -1.46
    0.21
   -3.82
    0.77
    1.61
    2.87
   -0.37
   -1.59
    0.56
    1.54
    0.07
   -0.03
   -0.25
   -1.68
    1.47
   -2.47
   -1.70
   -4.01
   -3.29
   -0.13
   -6.40
   -0.56
    4.79
   -3.80
    4.84
   -2.93
   -2.09
   -8.82
    6.16
   -4.30
  -11.85
   19.52
  -18.04
   12.26
   -4.93
   -3.51
   -0.24
    8.18
    5.69
   -2.18
    8.35
   -5.71
    5.96
   -2.47
   -4.14
    4.76
   -0.40
    7.94
   -0.05
    0.99
   -3.12
    2.73
    3.34
   -2.95
    3.26
   -0.71
   -1.95
   -4.77
    6.64
   -1.76
    0.37
    0.35
   -1.21
    5.19
   -2.94
   -4.18
    0.90
    1.31
    0.73
   -0.02
    0.85
    0.77
   -2.89
   -1.11
    2.32
   -1.35
    2.81
    0.62
    4.66
   -1.77
    0.44
    0.14
    1.96
   -2.93
    1.99
   -1.70
    0.42
   -0.31
    1.68
    2.18
   -1.04
   -0.99
    1.32
   -6.53
   -0.62
    1.30
    0.50
    0.15
   -0.68
   -0.77
    0.79
   -0.28
   -1.39
   -0.98
   -1.73
    1.34
    2.68
   -1.70
    0.54
    0.69
   -2.07
    0.51
   -0.32
    1.90
   -1.60
    0.68
    0.08
    0.19
    1.45
    1.92
   -0.74
    0.58
   -1.06
  -16.24
   -2.02
   -0.67
   -2.38
   -0.17
   -0.54
    1.19
    1.72
   -0.43
   -0.72
   -1.11
    2.48
   -2.09
    2.08
   -1.28
    0.68
    0.08
   -0.57
   -0.66
    1.74
    0.22
   -0.28
    0.59
    0.24
   -0.30
    2.09
    1.03
   -0.31
    2.87
   -3.56
   -0.62
   -2.34
    1.45
   -1.33
    0.65
    0.26
    1.19
    0.74
   -0.10
   -0.85
   -0.34
    0.46
   -2.26
    0.70
    1.59
    2.98
   -0.47
    1.15
    0.89
   -2.35
    1.33
   -0.62
    2.53
    1.33
   -1.03
    2.01
   -0.09
   -0.52
    0.56
    0.58
    0.78
   -2.11
    0.13
    0.75
  -10.58
   -3.07
   -2.31
   -3.05
   -0.32
    0.39
    0.41
    0.88
    1.90
   -0.04
   -0.63
    0.46
   -0.35
    2.00
   -3.02
    1.13
    1.61
   -1.43
   -1.03
    1.24
   -0.50
    1.48
    2.06
    0.09
    0.85
    1.90
    2.50
    0.69
    2.18
    1.95
   -3.43
    0.98
   -1.22
    0.38
   -1.05
    1.49
    0.38
    0.91
   -0.92
   -6.30
   -2.32
   -0.41
    0.87
    1.07
    0.00
    4.93
   -1.30
    2.19
JNJ
    0.07
   -1.16
   -0.12
    0.61
   -0.01
    0.30
   -0.23
    0.44
    0.56
    0.33
    0.81
    0.65
    0.07
   -0.68
    0.19
   -0.14
    0.29
    0.50
    0.70
   -0.12
   -0.99
    0.87
    0.95
    1.58
   -0.30
   -1.07
   -0.02
    0.09
   -0.59
   -0.66
    0.03
   -0.66
   -0.13
   -0.38
    1.05
   -2.68
   -0.86
   -0.67
   -3.17
   -3.34
    4.12
   -3.16
    5.82
   -1.02
    0.01
   -3.94
    3.81
   -6.95
   -4.85
    7.08
   -5.33
    7.44
   -1.19
   -5.86
   -5.64
   -7.30
    7.23
    0.18
    6.01
   -2.69
    8.00
   -1.41
   -1.77
    3.37
    0.77
    4.17
   -1.63
    4.20
   -1.42
   -1.03
    4.48
    1.12
    1.36
    1.57
   -0.23
   -1.31
    2.21
    1.65
   -0.42
   -0.37
   -1.88
   -0.76
   -0.13
   -1.17
   -0.01
    0.83
   -0.95
   -0.33
    0.75
    0.28
   -1.32
   -0.01
    0.35
    1.90
    0.05
   -1.00
   -0.90
   -0.66
   -1.59
    0.13
    0.23
    1.44
    1.21
   -1.05
    0.72
    0.27
   -1.29
    0.39
   -0.36
   -0.55
    1.26
   -4.69
    0.91
   -0.63
    2.27
   -0.30
   -0.42
    0.29
   -0.31
   -0.37
   -2.13
   -0.11
   -1.33
    0.89
    1.14
   -0.18
    0.42
    1.43
   -0.09
    0.29
   -0.54
   -0.08
    1.99
    1.87
    0.23
    0.67
    0.07
    0.17
    0.09
    0.18
   -0.27
   -1.00
   -0.63
   -0.24
   -0.20
    0.20
   -0.74
    1.09
   -0.09
    0.80
   -0.57
    0.71
   -0.38
   -0.72
    1.83
   -1.11
    0.16
    0.51
    0.74
    0.20
    0.68
    0.88
   -0.40
   -0.06
    0.16
    0.45
    0.43
   -0.15
   -1.23
    1.52
   -2.78
   -0.64
   -0.90
    1.66
   -1.86
    0.59
    0.39
    0.36
   -0.33
   -0.83
    1.37
   -2.73
   -0.61
    0.16
    0.16
    0.68
    1.00
   -0.03
    1.24
   -1.05
   -0.73
    1.36
   -1.33
    1.11
    0.68
    1.40
    0.58
   -2.29
   -0.18
   -0.61
    0.62
   -2.55
    0.16
   -0.43
    0.80
    0.11
   -0.87
   -0.57
   -3.35
   -0.85
   -0.06
    1.15
   -0.14
    0.65
    0.26
    1.78
    2.69
    1.51
   -0.32
    0.34
    1.08
    0.63
   -0.99
   -1.33
   -0.16
   -0.53
   -1.70
    0.00
   -0.13
    0.22
    0.47
    1.91
    0.47
    0.58
    0.85
   -0.87
    1.73
    1.02
   -0.56
    0.46
   -2.54
    1.01
   -0.60
    2.64
    0.58
   -0.96
   -0.20
   -0.51
    0.35
    0.47
    0.62
    1.24
    0.85
JPM
    1.21
   -1.95
   -0.08
   -1.70
    0.78
    0.37
   -1.00
    0.83
    1.17
   -1.50
    0.39
    0.69
   -0.98
   -0.12
   -0.10
   -2.48
   -0.84
    1.82
   -0.15
    1.24
   -2.60
    0.76
    1.44
    1.70
    0.01
   -0.32
    0.42
    0.19
    0.00
   -0.09
   -0.30
   -1.32
    1.36
    0.00
   -1.22
   -2.69
   -4.46
    0.30
   -4.16
   -4.33
    4.66
   -3.75
    2.47
   -4.91
   -5.17
  -13.55
    7.77
   -4.71
   -8.24
   18.01
  -14.96
    6.11
  -10.53
    1.68
   -2.11
   -5.35
   11.89
    3.73
    6.97
   -7.12
    2.60
   -3.71
   -6.30
    3.73
   -3.95
    6.44
    1.32
    4.04
    8.97
   -4.45
   -2.74
   -4.93
   -3.81
    8.99
   -3.65
   -2.90
    0.33
    0.06
    1.48
    4.31
    0.71
    2.70
   -2.15
   -2.62
   -1.19
   -0.15
   -1.88
    1.04
    1.63
   -2.94
   -3.27
   -3.45
    4.15
   -1.85
    5.30
   -1.97
    3.00
   -1.27
   -0.78
    7.10
    5.79
   -1.49
   -2.55
    1.33
    0.33
    5.40
    2.08
    4.50
    2.00
   -2.57
   -4.05
   -8.34
    2.74
    1.38
    0.80
   -2.53
   -0.54
   -1.14
   -1.08
    1.22
   -3.34
    3.49
   -5.48
    0.44
    1.14
   -0.85
   -0.64
    2.53
   -2.82
    1.06
   -2.17
    5.47
    1.43
    0.57
    1.55
    0.28
   -1.85
   -0.88
    2.17
   -0.72
    0.29
   -0.71
   -1.40
    0.43
    2.42
   -2.67
   -0.39
   -0.56
   -0.57
    1.74
    0.03
    2.20
    1.27
    3.16
   -0.85
   -0.55
    0.04
   -2.64
   -1.39
    0.23
   -1.20
   -0.05
    2.82
    0.44
   -1.40
    3.29
    0.41
   -2.51
   -0.05
    1.51
   -0.31
    2.16
   -3.48
    0.95
   -1.03
    1.24
    1.39
   -3.11
    0.42
   -1.14
   -0.21
   -3.09
   -1.09
   -1.62
   -0.09
    0.87
    2.88
   -0.84
    0.96
    0.73
    0.95
    1.17
   -1.03
    1.74
    2.06
   -0.57
    1.23
   -1.62
   -0.56
    1.50
   -0.21
   -1.68
    0.57
   -1.00
    3.53
    0.90
   -2.48
   -1.89
   -2.81
    0.65
    0.90
    2.25
    3.15
   -3.06
    4.09
   -1.33
   13.54
   -0.33
   -1.49
   -1.23
    0.63
    2.82
   -1.01
   -0.74
    0.27
   -0.86
    2.88
    4.62
   -1.05
   -0.66
   -2.76
    1.58
    1.92
   -0.66
    0.91
   -0.38
    0.10
   -0.78
   -0.64
   -0.59
   -1.05
    1.71
    0.29
   -0.83
   -0.49
    3.75
   -1.52
    2.79
   -0.44
    0.66
   -0.26
    0.28
    1.36
KO
   -0.65
   -0.55
   -0.04
   -0.77
    0.18
    1.82
    0.34
    1.08
   -0.23
    1.25
    0.21
    0.21
    0.40
    0.77
    0.38
   -0.26
   -0.35
   -0.82
    0.00
    3.25
   -0.78
    0.31
    0.44
    0.02
    0.24
    0.34
    0.95
   -0.27
   -0.30
    0.34
    0.57
   -0.70
    0.40
   -0.08
    0.69
   -2.46
   -1.42
   -0.38
   -4.64
   -2.62
    4.54
    0.25
    5.10
   -3.70
   -2.61
   -6.15
    3.47
   -2.70
   -9.67
    2.78
   -6.62
    4.24
   -4.94
   -6.73
   -8.44
   -1.93
    5.03
    5.48
    6.44
   -3.34
    5.12
   -1.67
   -4.81
    4.34
   -0.27
    6.48
   -0.34
    2.82
    2.47
   -4.22
    4.24
   -2.68
   -1.07
    2.04
   -3.18
   -2.47
    0.66
   -1.34
    0.80
    2.97
   -0.09
    0.81
   -2.61
   -0.63
   -1.01
    0.58
   -1.43
   -0.34
    3.39
   -1.24
   -1.58
   -1.96
   -0.55
   -1.01
    3.95
   -0.96
    3.03
   -1.57
   -0.31
    2.35
    1.39
    0.77
   -0.87
    0.66
   -0.19
    2.13
    0.04
    2.44
    1.55
   -1.71
   -0.78
   -6.33
    0.13
    1.54
    1.02
   -0.41
    0.88
   -2.06
   -0.61
   -0.22
   -2.17
    0.63
   -3.03
    1.81
    0.72
    0.31
    0.13
    0.78
   -0.04
   -0.31
   -2.57
    2.82
    0.22
    1.37
    1.16
   -0.54
    1.45
   -1.50
    2.34
    2.71
   -0.41
    0.43
   -0.02
   -0.62
   -0.33
   -0.69
   -0.94
   -1.99
    0.84
    1.14
    0.55
    0.67
   -0.17
    0.44
    1.04
   -0.10
    0.14
   -0.50
    0.44
   -2.17
   -0.04
   -0.15
    1.46
   -0.13
    0.52
    0.15
    3.32
   -0.60
   -0.83
    4.21
   -1.39
    1.11
   -2.41
    0.76
   -0.38
    2.12
   -0.69
    0.67
   -0.51
   -0.47
   -0.20
   -2.70
    1.16
   -2.92
    1.02
    0.04
    1.15
   -0.73
    0.92
   -0.38
    0.37
    0.04
   -0.89
    1.27
    1.82
    0.69
    0.55
   -1.70
   -0.20
   -0.26
    0.08
   -0.82
    1.27
   -0.52
    1.38
   -0.32
   -1.43
    0.20
   -3.89
    0.13
    0.08
    1.17
    1.50
   -0.36
    0.55
    0.02
    6.31
    2.68
   -0.74
   -1.06
    0.83
    0.75
   -0.32
   -1.99
    0.99
   -0.87
    0.02
    1.03
   -0.54
   -0.43
   -2.09
    0.85
    0.13
    1.29
    2.03
   -1.60
    0.36
    0.28
   -0.53
    0.57
   -0.15
    1.07
   -1.45
    0.40
    0.88
   -1.73
   -0.09
    0.61
    0.68
    1.35
   -0.06
    0.57
    0.73
MCD
    1.61
   -0.35
    1.12
    0.15
    1.62
    1.18
   -0.52
   -0.37
    0.39
    1.18
    0.51
    0.54
   -0.39
    0.13
    0.94
   -1.02
   -0.90
    0.50
    1.92
    0.81
   -1.02
    0.57
   -0.26
   -0.12
   -0.70
   -0.59
    0.76
    1.18
    0.80
   -0.02
   -0.15
   -0.43
   -0.24
   -0.26
    0.37
   -1.09
   -0.67
   -0.94
   -4.33
   -3.40
    4.32
   -1.50
    3.76
   -4.20
    0.27
   -6.03
    6.96
   -5.81
   -9.63
    4.11
  -15.88
   -0.93
   -6.99
    8.89
   -0.68
   -7.67
   18.13
    0.64
    2.68
   -2.00
    2.51
   -1.65
   -4.34
    2.11
   -0.72
   10.42
   -0.82
    1.08
    3.50
   -1.95
    2.15
   -3.34
    0.93
    3.68
   -2.39
   -2.24
    5.01
   -2.38
    1.09
    1.02
    0.02
    1.02
   -0.14
   -2.61
   -0.43
   -1.45
   -1.27
    2.35
    0.06
   -0.19
   -2.40
   -2.11
    1.50
   -0.91
    3.46
   -0.14
    2.52
    0.53
   -0.36
    0.23
    1.56
    0.54
   -1.28
    0.59
    0.10
    3.04
   -0.03
    2.03
    2.78
   -1.54
   -1.86
   -4.23
    0.89
    0.17
    0.44
    0.25
   -0.68
   -1.55
    0.48
   -0.45
   -1.25
   -0.83
   -1.65
    1.70
    0.91
    0.10
   -0.62
    2.71
   -1.42
    0.02
   -0.82
    0.30
    0.02
    3.14
    0.55
   -0.44
    0.29
    0.07
    0.71
    2.92
   -0.54
    0.59
    1.27
   -2.49
   -0.02
   -0.41
   -0.58
    0.06
    2.55
   -0.05
    1.97
    0.70
   -0.23
    0.43
    0.50
    0.23
    0.26
    0.79
    0.79
   -0.39
    0.18
    0.81
    0.50
    0.01
    0.52
   -0.73
    1.28
   -0.65
   -0.39
    1.66
   -1.12
   -0.97
    0.87
    1.00
    0.71
    0.35
    1.17
    0.82
    1.10
   -0.99
   -1.04
   -1.75
    0.00
   -0.67
    0.53
    0.95
    0.95
   -0.72
    0.37
    0.05
    1.40
    1.53
   -0.88
    1.07
   -0.30
   -0.43
    0.57
    0.55
    0.12
    0.89
   -0.12
   -1.47
    0.64
    0.33
    0.42
   -0.19
   -1.94
   -0.58
   -3.71
    0.12
   -0.91
   -0.21
    1.99
   -0.89
    0.67
    0.12
   -1.54
    0.05
    2.20
   -2.27
    0.10
    1.62
   -0.33
   -0.23
   -0.19
   -0.47
    1.36
    1.25
   -0.17
   -0.46
   -0.41
   -0.60
   -2.44
    0.31
   -0.36
   -0.88
   -0.24
    0.14
   -0.31
   -0.13
    2.00
    1.39
   -0.49
    0.21
    0.39
   -1.59
    0.12
    0.05
   -0.30
    1.24
   -0.61
   -0.54
    1.43
MMM
    2.03
   -0.86
    0.10
   -0.40
    1.53
    0.32
   -0.40
    0.25
    0.25
   -0.88
    0.68
    0.19
   -1.08
   -0.76
   -0.16
    0.23
   -1.41
   -5.72
   -2.16
    0.31
   -2.37
   -1.30
    0.42
    3.24
    0.34
   -1.73
    0.04
    1.44
    0.83
   -2.47
    0.78
   -1.32
    0.29
   -0.49
   -1.03
   -2.79
   -3.74
    1.44
    0.81
   -0.61
    2.53
   -5.08
    6.02
   -1.67
    1.48
   -6.24
    6.41
   -3.95
   -9.28
    6.06
   -7.60
    2.70
    1.92
    0.36
   -9.18
   -5.62
   12.60
   -0.89
    3.53
   -2.16
    3.38
   -0.89
   -2.47
    3.58
   -2.99
    5.16
    2.77
    3.04
   -0.81
   -0.93
    2.55
   -3.32
   -0.18
    1.08
   -1.90
   -1.42
    1.40
    0.50
    1.85
    4.52
    2.58
   -0.86
   -2.78
   -2.19
   -0.13
   -0.65
   -0.83
   -0.31
    1.90
   -1.87
   -2.89
   -3.82
   -0.10
    1.99
    7.63
   -0.60
    0.88
   -2.59
    0.43
    3.85
    3.99
   -0.84
   -0.24
   -0.55
    1.32
    2.26
    0.83
    2.99
   -0.32
   -0.10
   -1.68
   -7.03
    1.63
    1.85
    1.23
   -0.28
   -0.01
   -0.67
   -0.92
    0.73
   -3.56
    1.61
   -1.39
    2.00
    0.27
   -0.36
    1.04
    0.67
   -2.07
   -0.16
   -2.02
    0.92
    1.28
    2.42
    0.50
    0.73
   -0.42
   -2.16
    0.91
    0.58
    0.37
    0.35
    2.13
   -4.85
    0.59
   -2.64
   -1.08
   -0.04
    0.53
    2.74
    0.42
    1.49
    1.96
    1.20
    0.54
    0.97
    0.14
   -0.84
   -0.20
   -0.25
   -0.61
   -0.77
    1.13
   -0.26
    0.49
    0.11
    0.96
   -1.59
    1.09
    2.86
   -1.89
   -0.32
   -1.57
    1.55
   -1.54
    1.85
    1.38
   -1.12
    1.77
    1.69
   -1.64
   -4.83
    0.61
   -1.74
    0.57
   -0.09
    0.87
   -1.14
    0.23
   -0.87
    0.99
    1.49
   -0.32
    2.63
    0.73
    0.95
   -0.38
   -1.20
    1.06
    0.40
    1.12
   -0.83
    0.83
   -1.04
    0.91
   -0.53
   -2.14
   -3.09
   -1.55
   -0.03
    0.93
    1.86
    1.58
   -3.23
    1.90
   -0.11
    0.25
    3.49
    0.04
   -1.28
    1.64
    2.40
   -0.13
   -1.29
    0.12
    0.75
    0.72
    1.69
    0.02
   -0.13
   -2.35
   -1.28
    0.78
   -0.01
    0.37
   -1.34
    1.36
    1.64
   -1.03
    0.31
   -0.54
    0.92
    0.42
    0.71
   -0.13
   -0.43
   -0.50
   -0.45
    0.30
    0.11
   -0.49
    0.15
    0.39
MRK
    1.20
   -0.86
    0.43
   -2.66
   -0.67
    0.88
    0.17
   -0.02
    0.47
    1.79
   -0.39
   -0.23
   -1.10
   -0.36
   -1.22
   -2.91
    0.14
    0.17
    1.15
   -0.85
   -1.23
    2.22
    1.17
   -2.86
   -0.17
   -0.70
    0.68
   -0.48
   -2.35
   -1.54
    0.83
   -0.23
   -0.56
    0.60
   -0.18
   -1.23
   -1.30
   -0.41
   -2.33
   -1.95
    6.28
   -2.75
    4.85
   -1.68
    0.76
   -3.94
    3.88
   -3.38
   -6.06
    3.09
   -8.90
    6.52
   -3.83
   -1.26
    0.89
   -6.95
    3.99
   -1.20
    7.78
   -2.45
    7.28
   -0.01
   -4.08
    4.16
   -0.81
    5.32
   -2.18
    3.90
    1.07
   -2.36
    2.86
   -0.93
    1.13
    0.55
   -0.43
   -5.46
    1.81
    1.13
    0.68
    3.13
   -3.33
   -0.51
   -1.77
   -2.10
   -1.04
    1.50
   -1.14
   -1.97
    1.06
    1.98
   -0.92
    0.91
    2.77
   -0.34
   -0.08
   -2.72
   -0.85
   -0.44
   -0.24
    1.17
    0.38
    1.92
    2.13
   -1.44
    1.61
    1.51
   -0.62
    0.87
    0.78
   -0.77
   -0.60
   -5.41
   -1.36
   -2.99
    3.99
   -0.88
   -0.09
    2.20
   -1.48
    0.48
   -1.62
    0.92
   -1.80
    1.24
    1.59
    1.02
    0.84
    1.02
   -1.08
   -1.02
   -1.58
    0.05
    0.81
    1.16
    1.52
   -0.05
    0.59
   -0.58
   -0.65
   -0.14
   -0.91
   -1.23
    2.37
    0.96
   -0.43
   -0.45
    1.58
    2.87
   -1.05
   -0.04
   -0.72
   -0.04
   -0.14
    0.00
    2.19
    1.04
   -0.07
    1.53
   -0.24
    0.56
    0.00
   -0.06
    0.52
    0.30
   -0.16
    0.33
   -0.20
   -0.44
   -0.99
    2.96
   -1.66
   -0.29
   -2.24
    1.86
   -1.54
    1.09
   -0.38
    0.06
    1.62
    0.08
    0.20
   -3.12
   -0.23
   -0.37
    0.63
   -0.26
   -0.20
   -1.04
    1.28
   -1.58
   -1.03
    0.54
   -1.98
    0.51
    0.55
   -0.15
    0.00
    0.44
   -0.25
   -1.80
    0.97
   -1.45
   -0.51
   -0.26
    1.46
    0.78
   -1.24
   -1.08
   -2.32
   -0.38
   -0.90
    1.99
    0.27
    4.81
   -0.20
   -0.12
    0.17
    0.76
   -0.06
   -1.48
    1.54
   -1.12
    1.65
   -1.53
    0.17
    0.07
   -0.21
   -0.17
   -0.10
   -0.25
    0.66
    1.44
    0.34
   -0.46
    0.60
    0.70
    0.81
    0.35
   -0.58
   -0.04
   -3.18
    0.20
   -0.81
   -0.01
   -0.36
   -0.30
    0.16
    0.43
    0.48
    0.39
    1.21
   -1.02
    1.50
MSFT
    1.85
   -1.25
    0.26
   -0.91
    1.59
    1.25
   -0.46
    1.20
   -0.70
    0.65
    1.83
    0.56
   -0.36
   -0.48
    0.62
   -1.01
   -1.67
    1.96
    1.56
    2.82
   -1.48
    2.44
    3.29
   -0.12
    2.07
    0.14
    2.62
   -2.26
    0.15
   -0.54
    0.89
    1.01
    0.03
   -1.53
   -3.16
   -4.31
   -1.65
    1.25
   -7.05
    2.42
    6.65
   -4.79
    3.67
   -2.51
   -2.83
   -6.78
    6.84
   -4.53
   -9.48
   14.22
  -14.74
    8.23
   -4.21
    1.65
   -3.76
   -1.00
    9.09
   -0.96
    6.26
   -4.11
    7.03
   -1.57
   -3.55
    2.07
   -0.92
    7.44
   -1.08
    1.00
    0.01
    0.22
    4.95
   -1.05
    3.00
    0.88
   -1.98
   -4.14
    3.40
   -1.21
    1.83
   -0.29
   -2.44
    4.49
    1.00
   -2.59
    2.45
    1.07
    0.98
    0.58
    0.59
    1.12
   -2.27
   -1.51
    0.43
    1.46
    0.96
   -0.69
    1.11
   -1.20
    0.04
   -1.06
    0.13
   -0.23
    1.02
   -0.23
    1.14
    0.24
   -1.32
    2.34
    0.62
    0.76
    3.71
   -5.37
    0.79
    0.64
    2.45
    0.35
    1.07
   -0.60
    2.78
    0.67
   -2.02
    1.26
   -2.00
    1.07
    2.55
    0.58
    0.76
    2.15
   -1.16
    2.20
    0.70
   -0.30
   -3.09
    0.62
   -0.15
   -1.98
   -0.51
    4.30
   -1.35
    1.44
   -4.35
   -0.61
    1.27
   -0.90
    1.01
   -0.08
    0.54
    5.62
   -1.50
   -0.16
    1.60
   -1.79
   -1.99
   -2.34
    2.86
   -0.23
    0.10
    0.66
    0.58
   -0.85
    2.33
   -0.73
    0.31
    1.30
    2.16
    2.46
    1.03
   -1.48
    0.77
    1.93
   -6.19
   -1.40
   -5.41
    4.26
   -2.80
   -0.65
    0.68
    1.64
   -1.79
   -1.04
   -1.24
    1.07
    2.41
   -3.29
    1.30
    2.28
    0.78
   -1.04
    1.48
    1.01
   -2.95
    2.03
   -2.12
    1.90
    0.36
    2.48
    2.59
    0.66
   -0.90
   -0.54
    0.00
   -2.48
    0.20
    0.07
    0.04
    0.62
   -2.84
    1.51
   -4.96
    1.01
   -1.10
   -0.07
    2.03
    4.82
    3.19
    0.19
   -2.38
   -3.38
    2.63
   -0.51
    0.50
    0.33
   -1.28
   -1.58
    0.63
   -0.96
   -0.13
    1.78
    0.00
    0.64
   -0.54
    1.00
   -0.39
   -0.52
    0.06
   -0.03
    0.80
   -1.95
   -0.60
    1.30
    0.44
   -0.03
    2.41
    0.06
   -0.38
    1.83
    0.61
   -1.30
    0.78
    0.99
   -0.36
   -1.10
    0.33
NKE
    0.88
   -0.27
   -0.09
   -0.05
   -0.23
   -0.07
   -0.57
    1.25
    0.74
   -0.13
    0.56
    1.12
    0.05
   -0.09
   -1.41
   -0.96
   -1.75
    0.17
   -0.57
   -1.65
   -1.92
    3.08
    2.13
   -0.83
   -0.27
   -0.83
    0.58
    0.00
    2.98
    0.36
    0.16
   -1.49
    0.45
    0.07
   -2.22
   -4.33
   -3.14
   -0.97
   -3.75
    0.94
    3.69
   -1.89
    3.15
   -3.42
   -2.45
   -4.81
    4.98
   -4.87
  -11.67
    1.86
  -11.63
    4.57
   -2.58
    3.38
   -4.11
   -6.89
   15.18
    9.24
    6.70
   -1.27
    2.58
   -3.09
   -4.24
    1.15
   -1.60
    7.32
   -0.56
    1.35
    1.75
   -2.68
    3.56
   -2.78
    1.48
    4.18
   -2.24
   -3.07
    4.19
   -1.60
    1.17
    1.13
   -0.64
   -0.82
   -1.01
   -1.88
    0.25
    1.69
    1.42
    0.14
    2.15
    0.52
   -2.94
   -2.54
    0.62
    0.51
    4.66
    0.52
    1.57
    1.41
   -0.54
    3.06
    3.36
   -1.41
    0.12
    0.97
    1.21
    3.35
   -2.72
    1.41
    1.54
   -1.59
   -0.50
   -6.81
    1.32
    1.46
    1.23
    0.17
   -0.77
   -2.71
    3.89
    2.42
   -1.81
    1.32
   -7.62
    2.35
    2.27
   -0.66
    1.06
    1.54
   -2.88
    1.82
   -1.87
    1.03
   -1.56
    0.31
    1.84
   -1.30
   -1.01
   -0.65
    2.83
    0.56
   -0.62
    0.13
   -1.24
   -0.97
    0.73
   -0.15
    0.82
    0.74
   -1.02
    3.71
   -0.49
    1.40
    3.49
   -0.28
    0.10
    1.24
   -0.08
   -0.72
    1.24
    1.33
   -0.35
    1.61
    1.90
   -0.29
    0.02
   -0.62
    1.31
   -0.36
    2.64
    1.71
   -3.38
   -0.40
    0.28
    1.93
   -0.10
    2.80
    1.08
   -0.01
   -0.57
   -1.88
   -1.46
   -1.13
    3.09
    8.76
   -1.86
   -0.42
    0.07
    1.63
   -0.64
    0.88
    0.00
    1.00
   -0.20
    1.89
   -0.27
    0.98
   -1.16
   -0.20
   -1.19
    1.05
   -0.78
   -0.45
    0.83
    0.73
    0.46
   -0.02
   -1.25
   -0.30
   -4.62
    0.64
   -2.26
    1.92
    1.80
    2.21
    1.85
   -0.62
    0.04
   -0.96
   -0.04
   -0.80
    1.30
    1.43
    1.61
   -0.44
    0.21
    0.81
    0.86
    0.42
    0.62
   -0.95
    0.34
    0.55
    0.10
    1.02
    0.17
    1.14
    0.27
   -0.24
   -0.87
   -0.12
   -0.82
    2.28
   -0.75
    1.56
   -2.29
    4.91
   -1.09
   -0.48
   -0.11
    0.59
   -0.60
    0.01
   -0.08
PG
   -1.19
   -0.67
    0.14
   -0.62
    0.43
    1.09
    0.10
    0.73
   -0.15
    1.02
    0.09
    0.27
   -0.25
    0.17
   -1.05
    0.12
    0.44
    0.27
   -0.77
    0.71
   -1.06
    0.39
    0.44
    0.92
    0.26
   -0.83
    0.07
   -1.59
   -0.57
    1.22
    0.94
   -1.01
    0.46
    0.91
    0.09
   -2.68
   -1.52
   -1.05
   -5.54
   -0.24
    5.59
   -1.16
    5.36
   -2.31
    0.02
   -4.60
    3.87
   -7.43
   -8.74
   12.01
   -4.88
    8.98
   -0.67
   -5.64
   -7.58
   -4.62
    5.70
   -2.28
    6.40
    2.60
    4.38
   -4.35
   -0.61
    4.64
    0.59
    2.37
   -4.28
    2.07
   -0.38
    1.13
    4.32
    0.21
    0.23
    2.63
   -3.28
   -0.76
   -0.23
    0.00
   -0.52
   -1.12
   -0.48
    0.16
    0.67
   -0.89
   -0.90
    0.21
   -2.51
   -0.82
    3.37
   -0.55
   -0.66
   -0.55
   -0.10
    0.70
    1.40
   -3.24
    0.75
   -1.47
    0.88
   -0.51
    1.66
    1.91
   -0.12
    1.15
    0.69
    0.40
   -2.09
    1.96
    0.61
   -0.60
    0.75
   -2.49
   -0.55
    0.93
    1.23
   -0.17
    1.14
   -0.30
   -0.98
   -0.02
   -1.11
    1.26
   -2.26
    2.11
    1.62
    0.34
    0.75
    0.62
    0.49
    0.55
   -0.33
    1.15
    0.13
    0.84
   -0.47
    0.21
    0.70
   -0.31
   -0.14
    0.86
    0.02
   -0.16
    0.29
    1.23
    0.34
    2.42
   -0.23
    0.13
    1.90
   -0.26
   -0.55
    0.63
    0.41
   -0.65
    1.67
    0.24
   -0.50
    0.30
    0.75
   -0.54
    0.80
    0.43
    0.78
    0.40
   -0.48
   -0.13
    0.41
   -0.32
   -0.11
    1.69
   -1.60
   -0.22
   -1.46
    1.63
   -1.05
    1.05
    0.35
    0.00
   -0.67
   -0.13
   -0.11
   -0.48
    0.91
   -1.20
    0.45
    0.51
    0.28
   -0.54
    1.26
    0.18
   -0.80
    0.92
    0.16
    0.78
    0.68
    0.90
    1.10
   -0.19
   -0.12
   -0.15
    0.39
   -1.72
    0.40
    0.54
   -1.26
    0.66
   -0.76
    0.75
   -3.30
   -0.07
   -0.34
    1.02
    1.96
   -0.41
    1.24
    0.60
   -3.66
    1.65
    1.29
    0.06
    1.50
   -1.28
   -0.39
   -1.54
   -0.12
   -0.16
   -0.39
   -0.32
    0.27
   -0.05
    0.19
    0.36
   -0.72
   -0.74
    0.09
    0.15
    0.27
   -1.19
   -0.66
    0.74
   -0.48
    0.59
    0.45
    0.71
    0.57
   -1.09
   -0.71
   -0.15
    1.01
    0.70
   -0.19
   -0.47
    0.99
TRV
    0.41
   -0.36
    0.11
   -1.47
    1.07
    0.74
   -1.53
    0.55
    0.29
    0.67
    0.93
    1.35
    0.13
    0.31
   -5.06
    0.44
   -0.78
    0.49
   -0.83
    0.70
   -1.92
    1.51
   -0.77
    3.17
   -0.20
   -0.36
    0.15
    0.85
   -1.22
    0.86
    0.64
   -1.36
   -1.01
   -0.39
    0.88
   -0.77
   -2.48
   -1.71
   -3.48
   -3.44
    6.57
   -1.86
    4.96
   -2.67
   -2.48
   -6.92
    2.90
   -5.83
   -9.25
    5.16
  -20.80
   13.29
  -15.27
    5.36
    4.00
   -1.28
    6.09
   -1.66
    7.04
    1.30
    2.64
   -3.16
   -4.18
    2.09
   -3.40
    5.42
    1.82
    4.13
    4.57
   -3.03
    1.50
   -5.42
   -2.31
    5.27
   -3.13
    0.00
    0.01
   -1.32
    0.37
    2.05
    1.36
    1.64
   -4.52
   -5.10
    0.90
   -0.06
   -3.68
    2.69
    1.61
   -1.88
   -1.62
   -4.36
    0.40
    0.10
    5.53
   -2.13
    2.43
    3.80
    0.94
    3.26
    3.35
    0.72
   -0.57
    2.03
    1.69
    3.13
    3.08
    5.39
    2.93
   -2.02
   -3.54
   -8.62
    2.51
    1.34
    1.13
   -1.15
    1.07
    0.44
   -0.28
   -0.03
   -2.87
    1.56
   -3.16
    1.71
    1.02
   -1.36
   -0.04
    1.88
   -1.82
    0.62
   -2.77
    3.45
    0.35
    3.77
    0.50
    1.14
   -1.11
   -0.33
    1.39
    1.51
   -2.97
   -0.28
   -1.39
   -1.37
    1.58
   -0.79
   -1.30
   -0.02
   -1.14
    1.75
   -1.16
    3.18
    1.50
    0.67
   -0.88
    0.34
   -0.56
   -2.27
   -0.85
   -1.51
   -0.59
   -0.62
    2.75
    0.63
   -1.80
    3.21
   -1.10
    0.13
   -1.16
    2.43
   -1.81
    1.06
   -2.43
   -0.10
   -1.61
    1.43
    0.93
   -2.02
    0.91
   -0.50
   -0.88
   -1.94
   -0.18
   -1.61
    0.31
    0.27
    1.95
   -2.52
    0.70
   -0.35
    0.71
    3.07
   -0.34
    2.04
    1.60
    0.18
    0.61
   -3.13
   -0.76
    0.54
    0.60
   -1.31
    5.61
    5.83
    0.91
   -0.13
   -3.52
   -2.02
    2.02
    0.79
   -1.43
    2.66
    1.95
   -2.33
    3.33
   -0.40
    5.73
    1.55
   -1.03
   -1.90
    1.68
    1.23
   -0.92
   -0.50
   -0.37
    0.51
    0.06
    1.31
   -0.27
   -1.16
   -3.56
    2.90
    0.47
    0.78
    0.79
   -1.66
    1.02
   -0.26
    1.33
   -1.29
   -0.71
    2.44
    0.13
    0.43
    0.60
   -0.51
   -1.21
    1.08
    0.39
    0.51
   -0.60
    0.53
    0.93
UNH
   -0.50
   -1.01
    0.69
   -0.60
    2.11
   -0.57
    0.31
   -3.14
    0.84
    2.83
    1.46
   -0.75
    0.69
    0.02
   -0.38
   -2.22
   -2.98
    0.63
   -1.04
   -0.68
   -3.04
    0.58
    2.49
    5.30
   -1.11
   -1.11
   -0.76
    1.31
    4.36
   -0.42
   -1.13
    1.12
    1.05
   -1.04
   -0.23
   -7.84
   -5.18
   -0.15
   -3.45
    0.41
    7.12
   -4.29
   10.72
   -2.23
    0.32
   -3.67
    2.40
   -0.79
   -9.85
    8.64
  -17.28
    8.52
  -11.12
    1.26
   -6.01
   -5.68
   12.80
    6.68
    8.91
   -5.07
    3.64
   -0.76
   -4.84
    1.31
   -4.55
    8.21
   -0.12
    7.98
   -1.38
   -0.23
    2.65
    4.13
    5.95
   -2.64
   -2.90
   -2.82
    1.03
    3.00
    2.09
    0.92
   -1.91
   -0.25
    1.68
   -2.72
    1.06
    1.91
   -1.46
   -1.31
    0.70
    0.59
   -0.34
   -3.37
    4.54
    0.12
    0.82
   -1.47
   -0.37
   -0.38
    1.06
    1.71
    3.01
    0.07
    0.29
    0.35
    0.12
   -0.31
   -2.38
    4.62
   -0.76
   -0.09
   -1.12
   -7.20
    0.50
    0.40
    2.35
   -0.14
   -0.38
   -0.08
    0.49
    1.68
   -2.83
    2.43
   -3.15
    1.00
    1.79
    0.94
    0.18
    1.53
   -2.03
    0.58
   -2.41
    0.02
    2.91
    2.94
   -1.44
    1.01
   -0.20
   -1.00
    0.54
    0.52
   -1.22
   -0.72
   -0.73
    0.45
    2.25
   -0.47
   -0.80
    0.27
    0.29
    2.62
    0.51
    0.95
    0.65
   -1.11
    2.13
   -0.23
    0.68
   -0.99
   -1.15
   -0.45
   -0.66
    0.26
   -1.69
    1.09
   -1.09
    0.92
    0.87
   -0.58
    0.09
    2.37
   -1.25
   -1.34
   -1.52
    1.55
   -2.38
   -1.02
    2.35
   -0.43
   -0.23
   -0.50
    1.00
   -2.87
   -1.65
   -0.72
    0.18
    3.36
    0.24
    0.30
    2.51
    0.42
   -0.35
    1.98
   -1.16
    2.77
   -0.24
    1.68
    0.65
    0.44
   -2.89
    0.85
    1.64
   -1.72
   -0.25
   -0.19
    0.91
    1.50
   -2.28
   -0.79
   -3.90
   -1.40
    0.48
    2.28
    2.96
   10.33
   -0.05
   -1.96
    0.73
    1.05
   -0.56
    0.77
    0.36
    0.32
   -1.32
   -2.16
   -2.18
   -0.68
    0.11
    0.28
   -0.84
    1.43
   -0.47
    1.44
    1.87
    0.32
    0.35
   -0.58
    0.00
   -0.99
   -1.38
   -0.76
   -0.28
    1.05
   -0.10
    0.69
   -0.96
   -0.68
   -0.32
    0.77
    0.95
    1.51
    0.40
   -0.68
    1.65
V
    1.71
   -0.80
   -0.22
   -0.26
    1.71
    0.69
    0.27
    0.81
    0.37
    1.91
    0.58
    1.87
    1.27
    0.29
   -0.66
   -0.74
   -1.61
    0.58
    0.99
    1.64
   -4.44
    0.92
    1.37
   -0.37
    0.11
   -0.15
    1.60
   -1.00
    1.72
   -0.02
    1.39
    0.43
    1.00
   -0.87
   -1.25
   -4.80
   -5.23
   -0.63
   -3.85
    0.97
    5.82
   -3.43
    4.61
   -3.77
   -1.39
   -7.18
    6.70
   -5.28
   -7.44
    9.84
  -13.55
    3.87
   -5.96
    2.54
   -3.56
   -7.55
   13.84
    4.69
    4.39
   -4.33
    2.48
   -2.69
   -4.97
    2.80
   -3.52
   11.58
   -0.50
    3.77
   -0.71
   -2.71
    3.33
   -4.96
   -2.13
    4.38
   -3.14
   -2.25
    3.77
   -0.13
    0.56
    2.65
   -0.30
    6.15
   -1.69
   -1.76
    0.33
    1.30
    0.19
    2.20
    1.30
   -0.83
   -2.23
   -1.33
    2.15
    1.43
    4.30
   -1.06
    2.38
   -1.67
    0.13
    1.24
   -0.21
    0.75
    0.50
   -0.46
    1.03
    0.26
   -1.64
    3.08
   -0.01
   -0.26
    0.70
   -5.79
    1.79
   -0.26
    0.58
    0.35
    0.18
   -0.88
    1.44
    1.54
   -3.31
    1.34
   -2.43
    1.11
    0.94
    0.32
    0.98
    1.07
   -1.80
    0.45
   -1.47
    0.18
   -1.83
    2.28
    1.67
   -1.55
    0.82
    1.73
   -1.00
    1.21
   -0.72
   -1.15
    0.90
   -0.09
    0.94
   -2.28
   -1.89
    0.15
    0.84
    1.98
    1.36
   -1.21
    0.22
    0.50
    0.49
   -0.58
   -0.48
    1.42
   -0.21
    0.99
    1.57
   -0.01
    1.12
    0.82
    1.04
    0.37
    2.22
   -1.72
    0.64
    1.47
   -3.47
   -2.06
   -2.22
    1.97
   -1.23
   -0.43
    2.14
    0.20
   -0.13
    0.07
   -1.30
   -2.55
    1.58
   -2.59
    0.08
    0.88
    1.56
   -0.44
    0.27
    1.69
   -0.93
    1.03
   -1.52
    1.01
    0.25
    1.80
   -0.12
   -1.01
   -1.04
   -1.31
    0.36
   -1.64
    0.37
    0.37
   -0.22
    0.01
   -2.49
   -1.56
   -4.84
    2.21
   -1.71
    1.67
    1.95
    2.99
    1.89
    0.42
    7.16
    0.30
   -0.29
   -2.09
    1.07
    1.05
   -0.94
   -1.37
   -0.13
   -1.78
    2.10
    0.73
    0.58
    0.05
   -0.31
    0.40
   -0.48
   -1.01
    2.23
   -0.01
    0.06
   -1.50
   -0.94
   -0.66
    0.49
    0.54
   -0.04
    1.40
    0.06
   -1.09
   -1.52
   -0.26
    1.66
    1.88
    0.82
    1.86
    0.17
VZ
   -0.57
   -1.06
   -0.22
   -1.11
    0.18
   -1.44
    0.24
    0.27
   -0.19
    0.10
    0.96
    0.77
    0.32
    0.27
    0.05
   -0.38
   -0.61
    1.32
   -1.93
   -0.29
    0.13
   -2.34
    0.41
    1.44
    0.52
    0.84
    0.50
   -2.57
   -0.78
    0.72
   -0.24
   -1.03
    0.54
   -0.22
    0.19
   -0.36
   -1.50
    0.04
   -3.64
   -1.63
    5.83
   -2.83
    4.34
   -1.65
   -0.51
   -1.83
    1.24
   -2.99
   -6.62
    5.80
   -5.87
    6.51
    0.02
   -1.29
   -3.39
   -2.88
   -0.64
   -0.10
    7.21
   -1.44
    3.79
   -1.90
   -1.51
    4.40
   -1.00
    3.66
    0.49
    1.44
   -0.62
   -1.34
    2.59
   -2.08
    1.28
    1.39
   -0.56
   -2.25
    2.06
   -0.69
    0.59
   -0.21
    0.03
    0.50
   -1.15
   -1.08
   -1.04
    0.48
   -1.54
   -0.11
    2.55
   -1.05
   -1.67
   -1.10
    0.11
   -0.36
    1.85
   -2.40
   -0.22
   -0.53
    0.24
    0.37
    1.55
    1.05
    2.98
   -2.79
    1.11
    0.76
    0.69
    0.91
    0.61
   -0.40
    0.33
   -2.76
    0.14
   -0.67
    1.37
   -0.47
    0.42
   -1.28
   -0.89
   -1.29
   -1.84
    0.65
   -2.06
    2.88
    0.80
   -0.83
    0.22
    0.82
   -0.36
    0.62
   -2.60
    1.02
   -0.07
    1.82
   -0.69
    1.31
    0.93
   -0.76
   -0.05
   -0.16
    0.18
    1.79
    0.04
    1.07
   -0.05
   -0.26
    0.31
   -0.42
    1.17
   -0.64
    0.50
    1.21
    0.79
   -0.81
    0.15
   -0.14
    0.46
   -0.02
    0.68
   -0.22
   -0.15
    0.05
    0.98
   -0.25
    0.07
   -0.05
   -0.29
    0.02
   -0.19
    2.32
    0.13
   -0.21
   -0.86
    0.13
   -0.85
    0.44
    0.89
    0.46
   -0.38
    0.36
   -0.40
   -1.23
    0.35
   -1.52
    0.48
    0.34
   -0.05
   -0.20
    0.42
   -0.07
   -0.35
    0.71
   -0.34
    0.25
   -0.70
    0.24
    0.37
   -0.32
   -1.57
   -0.46
   -0.19
   -1.29
   -0.09
   -0.87
    1.02
    1.10
   -0.26
   -0.74
   -1.86
    0.80
    0.41
    1.25
    0.09
   -0.92
    1.63
    0.65
    2.24
    2.11
   -0.16
   -0.34
    0.44
   -0.28
   -0.23
   -0.71
   -0.18
   -0.28
    0.32
    0.68
   -0.38
    0.28
   -0.28
    0.28
    1.29
    0.62
   -0.31
   -0.32
    0.16
    0.02
   -1.55
   -0.26
   -0.61
    0.95
   -1.06
    0.17
    0.75
   -1.60
   -0.84
   -0.05
   -0.20
    0.24
   -0.29
   -1.14
    1.05
WBA
    0.20
    0.00
    0.86
   -0.50
   -5.84
   -2.06
   -0.84
   -0.30
    1.04
   -0.35
   -0.02
   -0.02
   -0.99
   -0.84
   -0.22
   -2.36
    0.37
    1.05
   -0.95
   -0.63
   -2.12
    0.20
    2.73
    1.22
    0.96
   -0.47
    0.34
   -0.80
    2.79
   -1.65
   -1.34
   -1.87
    0.40
   -0.38
   -0.81
   -4.70
   -3.10
    0.34
   -3.00
   -1.04
    5.14
   -4.14
    5.57
    0.18
    3.55
   -4.10
    1.49
   -6.29
  -10.96
   12.60
   -2.40
   10.03
    6.47
   -8.07
   -4.39
   -6.05
    3.76
   -8.42
   10.21
   -3.66
    2.64
    1.31
   -5.95
   -6.30
    0.99
    4.69
    0.42
    0.65
    2.07
    0.30
    5.15
   -6.34
   -0.48
    2.94
   -3.71
   -0.70
    1.79
    0.44
    0.55
    1.58
    0.50
    1.59
   -4.56
   -3.77
    1.90
   -1.01
   -1.95
   -1.31
    2.48
    0.10
   -2.83
   -5.38
    1.30
   -1.16
    6.41
   -2.67
    0.93
   -0.97
   -0.38
    6.46
    1.92
   -2.65
    2.65
    0.84
    0.58
    0.14
    1.35
    2.60
    3.68
   -3.70
   -2.21
   -7.97
    1.60
    0.22
    1.59
    0.00
   -0.40
    5.12
   -2.02
   -0.99
   -3.83
    2.11
   -2.07
    2.79
    0.17
   -3.56
    2.69
    2.81
   -2.18
    0.17
   -7.76
    2.85
   -1.35
    1.34
    1.42
    1.65
    0.17
   -2.32
   -0.12
    0.69
   -0.86
    0.42
   -1.65
    2.11
    1.18
   -1.26
    0.17
    0.91
   -0.37
   -0.29
    0.20
    1.54
    3.23
   -2.36
   -0.07
   -1.96
    2.22
   -1.77
   -1.00
   -1.25
   -1.34
   -0.63
    0.71
   -0.60
   -2.10
    1.73
   -1.47
   -1.91
   -3.31
    1.12
   -0.22
   -0.54
   -2.14
   -2.08
   -1.92
    0.09
    1.18
    0.46
    2.86
    2.56
   -0.75
   -3.09
   -0.20
   -1.85
   -0.09
    1.14
    1.81
   -1.91
    1.53
   -0.14
   -0.28
    2.38
   -1.83
    1.50
    1.59
   -1.97
    1.62
   -2.03
   -0.75
    4.82
   -0.61
   -1.18
    1.41
   -0.27
    0.32
    1.41
   -2.18
   -3.25
   -3.92
   -3.09
    1.55
    5.14
    4.41
   -2.88
    3.40
   -0.59
    6.62
    6.46
   -2.15
   -1.62
    4.76
    3.25
   -9.64
   -4.07
   -0.99
   -0.85
    1.20
    1.42
    1.43
   -0.18
   -2.54
    1.18
    3.59
    7.48
    1.38
   -2.26
   -1.04
   -0.52
   -0.29
   -0.29
   -0.12
   -0.36
   -2.15
    1.09
   -0.46
   -0.05
   -3.44
    1.53
   -0.63
    0.10
   -0.63
   -0.18
    1.37
WMT
    0.08
   -0.88
   -0.20
   -0.93
   -0.34
    1.03
   -0.84
   -0.43
    0.26
   -0.77
    0.54
   -0.81
    0.55
    0.44
   -0.25
   -1.24
    1.30
    0.64
   -0.61
    0.60
   -1.79
   -0.19
    0.88
    1.34
   -0.43
    0.12
   -1.03
    0.13
    0.39
    1.37
    0.38
    1.48
   -1.63
    0.01
    0.76
   -1.91
   -1.66
   -0.53
   -2.97
   -2.46
    7.62
   -2.56
    3.42
   -0.73
    1.13
   -0.06
    2.24
   -4.47
   -9.07
    9.66
   -6.43
   11.71
    2.78
   -2.55
   -4.59
    0.27
    0.66
   -4.89
    0.38
   -0.22
    5.12
   -1.36
    0.46
    3.95
    0.70
    5.52
   -3.24
   -0.12
   -0.03
    2.87
    2.95
   -0.19
    2.77
   -0.16
   -1.72
   -0.49
    1.84
   -2.33
    0.71
   -0.88
   -0.23
   -3.44
   -1.66
    1.13
    0.63
    0.83
   -1.15
   -1.14
    0.86
    0.59
    0.09
   -0.06
   -0.23
    2.04
    1.37
   -2.12
    0.40
   -0.37
   -0.53
   -0.38
   -1.11
    0.99
    0.30
   -0.08
   -0.02
   -0.38
   -1.10
   -0.45
   -0.26
    0.09
   -0.16
   -0.88
   -1.96
    0.29
    1.33
   -0.52
   -0.87
    1.58
    1.53
   -0.50
   -0.64
   -0.49
   -1.16
    0.63
    0.60
   -0.08
   -0.40
   -0.27
    6.78
   -1.98
    2.66
    2.29
   -0.89
    1.92
   -0.01
    0.15
   -0.35
   -0.20
    0.65
    0.25
   -0.77
   -0.30
   -0.02
    0.42
   -0.81
   -0.44
   -0.55
   -0.08
    1.81
   -1.39
   -0.35
    0.48
    1.47
   -1.27
    1.30
   -0.03
    0.57
    2.26
   -0.66
   -1.71
   -1.39
    0.81
   -0.23
   -0.53
    0.05
    4.54
    2.69
   -1.03
    6.29
    0.06
   -2.13
   -1.18
   -3.07
    1.04
   -2.20
   -0.08
    0.45
    0.03
   -0.80
    0.32
   -1.02
    1.32
    0.90
   -1.68
    0.52
    0.42
   -0.01
   -0.08
    2.02
    2.27
   -1.80
    0.93
   -0.83
    0.18
    0.33
    1.00
    1.03
    1.37
   -1.57
    0.41
    0.12
   -1.22
    0.66
    0.35
   -0.59
    0.21
   -1.17
    0.50
   -1.98
   -0.09
   -0.84
    1.19
    1.70
   -0.57
    1.06
    1.60
   -1.53
    1.41
    1.66
    0.17
    1.56
    1.26
   -2.01
   -0.19
    2.03
   -1.24
    0.46
    0.28
    0.31
   -0.15
    0.78
   -0.10
   -1.39
   -0.81
   -0.26
   -0.54
    0.90
   -0.79
   -0.83
   -0.03
   -0.92
   -0.05
   -0.10
    0.46
   -0.10
    0.01
   -1.21
   -0.68
    0.20
    1.20
   -0.63
   -0.08
   -0.02
