    1.16
   -0.81
    0.24
   -0.42
    0.56
    0.74
   -0.46
    0.29
    0.11
    0.31
    0.92
    0.17
   -0.52
   -0.03
   -0.09
   -0.58
   -1.57
    0.66
    0.04
    0.43
   -2.09
    0.51
    1.44
    1.68
    0.30
   -0.94
    0.60
    0.00
    0.94
   -0.43
   -0.09
   -0.56
    0.40
   -0.44
   -0.78
   -3.56
   -3.15
   -0.46
   -4.42
   -1.39
    5.09
   -2.94
    4.53
   -3.58
   -0.98
   -7.79
    4.89
   -5.86
   -9.99
    9.36
  -12.93
    5.20
   -6.30
    0.95
   -4.55
   -3.04
   11.37
    2.39
    6.38
   -4.06
    3.19
   -1.84
   -4.44
    2.24
   -1.69
    7.73
   -0.12
    3.44
    1.22
   -1.39
    2.39
   -1.86
    0.14
    2.99
   -2.44
   -2.67
    1.99
    0.17
    1.11
    1.51
   -0.13
    2.21
   -1.17
   -2.55
    0.11
    0.56
   -0.91
    0.89
    1.91
   -0.45
   -1.89
   -2.17
    1.62
    0.25
    3.85
   -1.59
    1.52
   -0.41
   -0.04
    2.17
    2.21
   -0.58
   -0.07
    0.36
    1.05
    2.05
    0.05
    3.15
    1.70
   -1.09
   -1.04
   -6.90
    1.90
    0.62
    2.04
   -0.65
   -0.15
   -0.80
    0.59
    0.50
   -2.72
    1.18
   -2.84
    2.32
    0.85
   -0.30
    0.36
    1.78
   -1.51
    0.68
   -1.39
    1.44
    0.04
    2.13
    0.85
   -0.50
   -0.23
    0.03
    0.60
    0.62
   -1.31
   -0.68
    0.43
   -0.77
    0.61
   -0.85
    0.44
    0.89
    0.62
    1.39
    0.68
    0.17
    1.30
   -0.38
    1.05
   -0.29
    0.12
   -0.31
   -0.24
   -0.31
    0.17
    0.69
    1.35
   -0.21
    0.30
    0.57
    0.57
   -0.78
    0.76
    1.59
   -2.78
   -0.56
   -2.25
    1.60
   -1.45
    0.48
    1.18
    0.01
    0.13
   -0.47
   -0.88
   -1.84
    0.52
   -1.92
    0.20
    1.34
    1.51
   -0.48
    1.20
    0.13
   -0.48
    1.68
   -1.34
    1.91
    0.43
    0.57
    0.88
   -0.55
   -0.58
   -0.07
    0.39
   -1.44
    0.40
   -0.35
    0.54
   -0.10
   -2.29
   -0.80
   -3.43
    0.52
   -0.59
    1.60
    2.06
    1.34
    1.95
   -0.24
    2.95
    0.90
   -0.08
   -1.08
    1.37
    1.60
   -0.56
   -1.16
    0.15
   -0.75
    1.12
    1.54
   -0.58
    0.13
   -0.91
    0.63
    0.20
    0.29
    0.83
   -0.49
    0.35
   -0.35
   -0.23
    0.16
   -0.62
    1.13
   -0.15
    0.49
   -0.41
    0.12
   -0.67
    0.38
    0.23
    0.68
   -0.22
    0.24
    0.65
